0, 20, 20
0.0169395, 20.2732, 19.7987
0.186334, 23.2601, 17.9902
0.401087, 27.7958, 16.19
0.610551, 33.1769, 14.9138
0.817852, 39.6134, 14.09
1.02804, 47.4762, 13.7058
1.23965, 56.9857, 13.8274
1.43809, 67.5745, 14.5098
1.619, 78.7952, 15.772
1.7869, 90.6287, 17.7151
1.94716, 103.183, 20.5825
2.10186, 116.32, 24.7564
2.22383, 127.153, 29.4894
2.3437, 137.863, 35.9406
2.45415, 147.338, 44.1031
2.55557, 155.176, 54.1696
2.6515, 161.222, 66.6846
2.74518, 165.159, 82.4676
2.84035, 166.379, 102.851
2.94317, 163.641, 130.396
3.03354, 157.191, 159.293
3.12147, 147.185, 190.749
3.20614, 134.479, 222.553
3.29125, 119.543, 253.783
3.37856, 103.186, 282.504
3.45914, 88.2713, 304.082
3.53527, 75.1125, 319.067
3.61182, 63.2643, 328.515
3.6929, 52.4564, 332.647
3.78557, 42.2968, 330.918
3.87379, 34.5932, 324.155
3.95985, 28.6429, 313.996
4.05366, 23.5814, 300.172
4.1484, 19.6521, 284.409
4.24771, 16.5056, 266.9
4.35409, 13.9613, 247.837
4.46706, 11.9483, 227.912
4.58279, 10.4227, 208.31
4.70015, 9.28133, 189.564
4.82036, 8.42506, 171.699
4.9451, 7.78788, 154.653
5.07611, 7.32879, 138.371
5.2154, 7.02452, 122.805
5.36549, 6.86605, 107.912
5.52979, 6.85916, 93.6465
5.71219, 7.02816, 80.0302
5.90978, 7.40425, 67.5765
6.10682, 7.97629, 57.1951
6.30105, 8.74223, 48.6492
6.49657, 9.73563, 41.4781
6.69756, 11.0204, 35.3678
6.90931, 12.71, 30.0892
7.14171, 15.0365, 25.4329
7.42322, 18.6679, 21.0932
7.64626, 22.3277, 18.4868
7.86176, 26.6733, 16.5576
8.0726, 31.8535, 15.1658
8.2799, 38.0171, 14.2419
8.48913, 45.5158, 13.7529
8.70138, 54.6649, 13.75
8.90383, 65.0642, 14.3019
9.08851, 76.1504, 15.4254
9.25892, 87.8336, 17.1955
9.42054, 100.214, 19.8185
9.57684, 113.276, 23.6591
9.70266, 124.366, 28.1308
9.82641, 135.445, 34.2822
9.93963, 145.299, 42.0715
10.0428, 153.525, 51.6614
10.1397, 160.004, 63.5528
10.2336, 164.466, 78.4915
10.328, 166.387, 97.6531
10.4283, 164.731, 123.22
10.5214, 159.133, 151.855
10.6123, 149.658, 183.707
10.6979, 137.434, 215.68
10.7824, 122.971, 247.077
10.8699, 106.702, 276.774
10.9521, 91.35, 300.002
11.0288, 77.8559, 316.295
11.1049, 65.7475, 326.909
11.1846, 54.7362, 332.211
11.2736, 44.4945, 331.878
11.3774, 35.0913, 324.782
11.4777, 28.1662, 312.932
11.572, 23.1929, 298.845
11.667, 19.3442, 282.921
11.7668, 16.2566, 265.262
11.8739, 13.7612, 246.083
11.9872, 11.7941, 226.141
12.1031, 10.3073, 206.606
12.2207, 9.19481, 187.94
12.3412, 8.36027, 170.15
12.4664, 7.74028, 153.175
12.5981, 7.29568, 136.958
12.7382, 7.00454, 121.454
12.8894, 6.85908, 106.618
13.0552, 6.86655, 92.4074
13.2393, 7.053, 78.8587
13.4374, 7.44752, 66.5658
13.6341, 8.03626, 56.3685
13.8283, 8.82066, 47.9612
14.0241, 9.83686, 40.8955
14.2258, 11.152, 34.8676
14.4389, 12.8861, 29.6532
14.674, 15.2896, 25.0402
14.9305, 18.6282, 21.1289
15.1536, 22.2796, 18.5139
15.3711, 26.66, 16.5622
15.5821, 31.8412, 15.1683
15.7894, 38.0025, 14.2434
15.9986, 45.4979, 13.7535
16.2109, 54.6434, 13.7494
16.4134, 65.0409, 14.3001
16.5981, 76.1258, 15.4223
16.7685, 87.8077, 17.1908
16.9302, 100.186, 19.8117
17.0865, 113.247, 23.6492
17.2123, 124.34, 28.1185
17.3361, 135.423, 34.2673
17.4494, 145.28, 42.0533
17.5526, 153.509, 51.6389
17.6495, 159.992, 63.5248
17.7434, 164.459, 78.456
17.8378, 166.386, 97.6069
17.9381, 164.74, 123.156
18.0312, 159.149, 151.789
18.1221, 149.679, 183.647
18.2077, 137.458, 215.621
18.2922, 122.999, 247.02
18.3797, 106.732, 276.724
18.462, 91.3766, 299.966
18.5386, 77.8796, 316.271
18.6147, 65.7689, 326.894
18.6944, 54.7558, 332.206
18.7834, 44.5132, 331.884
18.8872, 35.1024, 324.795
18.9876, 28.1699, 312.941
19.0819, 23.1956, 298.854
19.1769, 19.3463, 282.932
19.2767, 16.2584, 265.274
19.3838, 13.7625, 246.096
19.4971, 11.7951, 226.153
19.613, 10.3081, 206.618
19.7305, 9.1954, 187.952
19.8511, 8.36071, 170.161
19.9763, 7.74061, 153.185
20.108, 7.29591, 136.968
20.2481, 7.00467, 121.463
20.3993, 6.85912, 106.627
20.565, 6.86649, 92.416
20.7492, 7.05282, 78.8668
20.9473, 7.44722, 66.5728
21.144, 8.03583, 56.3742
21.3381, 8.8201, 47.966
21.534, 9.83615, 40.8995
21.7357, 11.1511, 34.8711
21.9487, 12.8848, 29.6562
22.1838, 15.2878, 25.043
22.4403, 18.6264, 21.1305
22.6634, 22.2776, 18.5151
22.881, 26.6575, 16.563
23.092, 31.8383, 15.1689
23.2993, 37.999, 14.2438
23.5085, 45.4936, 13.7536
23.7207, 54.6383, 13.7493
23.9232, 65.0354, 14.2997
24.108, 76.12, 15.4216
24.2784, 87.8016, 17.1897
24.44, 100.18, 19.8101
24.5964, 113.241, 23.6469
24.7222, 124.334, 28.1156
24.846, 135.417, 34.2638
24.9593, 145.276, 42.0489
25.0625, 153.505, 51.6335
25.1594, 159.989, 63.5181
25.2533, 164.457, 78.4475
25.3477, 166.386, 97.5959
25.448, 164.742, 123.141
25.5411, 159.153, 151.774
25.632, 149.684, 183.632
25.7176, 137.464, 215.607
25.8022, 123.006, 247.006
25.8896, 106.739, 276.712
25.9719, 91.3829, 299.958
26.0485, 77.8852, 316.265
26.1246, 65.7739, 326.891
26.2043, 54.7605, 332.205
26.2933, 44.5176, 331.886
26.3971, 35.105, 324.798
26.4975, 28.1708, 312.943
26.5918, 23.1962, 298.856
26.6868, 19.3468, 282.934
26.7867, 16.2588, 265.277
26.8937, 13.7629, 246.099
27.0071, 11.7954, 226.156
27.123, 10.3083, 206.621
27.2405, 9.19554, 187.954
27.361, 8.36082, 170.164
27.4863, 7.74068, 153.188
27.6179, 7.29596, 136.97
27.758, 7.0047, 121.465
27.9092, 6.85913, 106.629
28.075, 6.86648, 92.418
28.2591, 7.05278, 78.8688
28.4572, 7.44714, 66.5744
28.6539, 8.03573, 56.3756
28.8481, 8.81997, 47.9671
29.0439, 9.83597, 40.9005
29.2456, 11.1509, 34.8719
29.4586, 12.8845, 29.657
29.6937, 15.2874, 25.0436
29.9503, 18.6259, 21.1309
30.1734, 22.2771, 18.5154
30.3909, 26.6569, 16.5632
30.6019, 31.8376, 15.1691
30.8092, 37.9982, 14.2439
31.0184, 45.4926, 13.7536
31.2307, 54.6371, 13.7493
31.4332, 65.0341, 14.2996
31.6179, 76.1186, 15.4214
31.7883, 87.8001, 17.1895
31.95, 100.178, 19.8097
32.1063, 113.239, 23.6463
32.2322, 124.332, 28.1149
32.356, 135.416, 34.2629
32.4692, 145.275, 42.0479
32.5724, 153.505, 51.6322
32.6693, 159.989, 63.5165
32.7633, 164.457, 78.4455
32.8577, 166.386, 97.5932
32.9579, 164.742, 123.137
33.051, 159.154, 151.77
33.142, 149.685, 183.629
33.2275, 137.466, 215.604
33.3121, 123.008, 247.003
33.3996, 106.741, 276.709
33.4818, 91.3845, 299.956
33.5585, 77.8866, 316.263
33.6346, 65.7752, 326.89
33.7143, 54.7616, 332.204
33.8033, 44.5187, 331.886
33.9071, 35.1056, 324.799
34.0075, 28.1711, 312.943
34.1018, 23.1964, 298.857
34.1968, 19.3469, 282.935
34.2966, 16.2589, 265.277
34.4037, 13.763, 246.099
34.517, 11.7954, 226.157
34.6329, 10.3084, 206.621
34.7505, 9.19558, 187.955
34.871, 8.36084, 170.164
34.9962, 7.7407, 153.188
35.1279, 7.29597, 136.971
35.268, 7.00471, 121.466
35.4192, 6.85913, 106.63
35.5849, 6.86647, 92.4186
35.769, 7.05276, 78.8693
35.9672, 7.44712, 66.5749
36.1638, 8.0357, 56.3759
36.358, 8.81993, 47.9674
36.5539, 9.83592, 40.9007
36.7555, 11.1508, 34.8722
36.9686, 12.8844, 29.6571
37.2037, 15.2873, 25.0438
37.4602, 18.6258, 21.131
37.6833, 22.2769, 18.5154
37.9009, 26.6567, 16.5633
38.1119, 31.8374, 15.1691
38.3192, 37.9979, 14.2439
38.5284, 45.4923, 13.7536
38.7406, 54.6367, 13.7492
38.9431, 65.0337, 14.2995
39.1279, 76.1183, 15.4214
39.2983, 87.7997, 17.1894
39.4599, 100.178, 19.8096
39.6163, 113.239, 23.6461
39.7421, 124.332, 28.1147
39.8659, 135.416, 34.2627
39.9792, 145.274, 42.0476
40.0824, 153.504, 51.6319
40.1793, 159.989, 63.516
40.2732, 164.457, 78.4449
40.3676, 166.386, 97.5924
40.4679, 164.742, 123.136
40.561, 159.154, 151.769
40.652, 149.685, 183.628
40.7375, 137.466, 215.603
40.8221, 123.008, 247.002
40.9095, 106.741, 276.708
40.9918, 91.385, 299.955
41.0684, 77.887, 316.263
41.1445, 65.7756, 326.89
41.2242, 54.7619, 332.204
41.3133, 44.519, 331.887
41.4171, 35.1058, 324.8
41.5174, 28.1711, 312.943
41.6117, 23.1964, 298.857
41.7067, 19.347, 282.935
41.8066, 16.2589, 265.278
41.9136, 13.763, 246.1
42.027, 11.7955, 226.157
42.1429, 10.3084, 206.622
42.2604, 9.19558, 187.955
42.381, 8.36085, 170.165
42.5062, 7.7407, 153.188
42.6378, 7.29597, 136.971
42.778, 7.00471, 121.466
42.9292, 6.85913, 106.63
43.0949, 6.86647, 92.4187
43.279, 7.05276, 78.8694
43.4771, 7.44711, 66.575
43.6738, 8.03569, 56.376
43.868, 8.81991, 47.9675
44.0638, 9.83591, 40.9008
44.2655, 11.1508, 34.8722
44.4786, 12.8844, 29.6572
44.7136, 15.2872, 25.0439
44.9702, 18.6258, 21.131
45.1933, 22.2769, 18.5155
45.4108, 26.6567, 16.5633
45.6218, 31.8374, 15.1691
45.8291, 37.9978, 14.2439
46.0383, 45.4922, 13.7536
46.2506, 54.6366, 13.7492
46.4531, 65.0336, 14.2995
46.6378, 76.1181, 15.4213
46.8083, 87.7995, 17.1894
46.9699, 100.177, 19.8095
47.1262, 113.239, 23.6461
47.2521, 124.332, 28.1146
47.3759, 135.416, 34.2626
47.4891, 145.274, 42.0475
47.5924, 153.504, 51.6317
47.6893, 159.988, 63.5158
47.7832, 164.457, 78.4446
47.8776, 166.386, 97.5921
47.9779, 164.743, 123.136
48.071, 159.154, 151.768
48.1619, 149.685, 183.627
48.2475, 137.466, 215.602
48.332, 123.009, 247.001
48.4195, 106.742, 276.708
48.5018, 91.3852, 299.955
48.5784, 77.8872, 316.263
48.6545, 65.7757, 326.89
48.7342, 54.7621, 332.204
48.8232, 44.5192, 331.887
48.927, 35.1059, 324.8
49.0274, 28.1712, 312.944
49.1217, 23.1964, 298.857
49.2167, 19.347, 282.935
49.3166, 16.2589, 265.278
49.4236, 13.763, 246.1
49.537, 11.7955, 226.157
49.6528, 10.3084, 206.622
49.7704, 9.19559, 187.955
49.8909, 8.36085, 170.165
50.0161, 7.7407, 153.189
50.1478, 7.29597, 136.971
50.2879, 7.00471, 121.466
50.4391, 6.85913, 106.63
50.6049, 6.86646, 92.4188
50.789, 7.05275, 78.8695
50.9871, 7.4471, 66.5751
51.1838, 8.03568, 56.3761
51.3779, 8.81991, 47.9676
51.5738, 9.83589, 40.9008
51.7755, 11.1508, 34.8723
51.9885, 12.8844, 29.6572
52.2236, 15.2872, 25.0439
52.4801, 18.6257, 21.131
52.7032, 22.2768, 18.5155
52.9208, 26.6566, 16.5633
53.1318, 31.8373, 15.1691
53.3391, 37.9978, 14.2439
53.5483, 45.4921, 13.7536
53.7606, 54.6365, 13.7492
53.9631, 65.0335, 14.2995
54.1478, 76.118, 15.4213
54.3182, 87.7994, 17.1893
54.4799, 100.177, 19.8095
54.6362, 113.238, 23.646
54.7621, 124.332, 28.1146
54.8859, 135.416, 34.2625
54.9991, 145.274, 42.0474
55.1023, 153.504, 51.6316
55.1992, 159.988, 63.5157
55.2931, 164.456, 78.4445
55.3875, 166.386, 97.5919
55.4878, 164.743, 123.136
55.5809, 159.154, 151.768
55.6719, 149.685, 183.627
55.7574, 137.467, 215.602
55.842, 123.009, 247.001
55.9294, 106.742, 276.707
56.0117, 91.3853, 299.955
56.0884, 77.8873, 316.263
56.1645, 65.7758, 326.89
56.2441, 54.7622, 332.204
56.3332, 44.5192, 331.887
56.437, 35.106, 324.8
56.5374, 28.1712, 312.944
56.6317, 23.1965, 298.858
56.7267, 19.347, 282.935
56.8265, 16.2589, 265.278
56.9336, 13.763, 246.1
57.0469, 11.7955, 226.158
57.1628, 10.3084, 206.622
57.2803, 9.19559, 187.956
57.4009, 8.36085, 170.165
57.5261, 7.7407, 153.189
57.6578, 7.29597, 136.971
57.7979, 7.00471, 121.466
57.9491, 6.85913, 106.63
58.1148, 6.86646, 92.4189
58.2989, 7.05275, 78.8696
58.4971, 7.4471, 66.5751
58.6937, 8.03567, 56.3762
58.8879, 8.8199, 47.9676
59.0837, 9.83588, 40.9009
59.2854, 11.1508, 34.8723
59.4985, 12.8844, 29.6573
59.7336, 15.2872, 25.0439
59.9901, 18.6257, 21.1311
60.2132, 22.2768, 18.5155
60.4308, 26.6566, 16.5633
60.6417, 31.8373, 15.1691
60.849, 37.9977, 14.2439
61.0583, 45.4921, 13.7536
61.2705, 54.6365, 13.7492
61.473, 65.0334, 14.2995
61.6578, 76.1179, 15.4213
61.8282, 87.7993, 17.1893
61.9898, 100.177, 19.8095
62.1461, 113.238, 23.646
62.272, 124.332, 28.1145
62.3958, 135.416, 34.2624
62.5091, 145.274, 42.0473
62.6123, 153.504, 51.6315
62.7092, 159.988, 63.5156
62.8031, 164.456, 78.4443
62.8975, 166.386, 97.5917
62.9978, 164.743, 123.135
63.0909, 159.154, 151.768
63.1818, 149.686, 183.627
63.2674, 137.467, 215.602
63.352, 123.009, 247.001
63.4394, 106.742, 276.707
63.5217, 91.3854, 299.955
63.5983, 77.8874, 316.263
63.6744, 65.7759, 326.89
63.7541, 54.7622, 332.204
63.8431, 44.5193, 331.887
63.9469, 35.106, 324.8
64.0473, 28.1712, 312.944
64.1416, 23.1965, 298.858
64.2366, 19.347, 282.935
64.3365, 16.2589, 265.278
64.4435, 13.763, 246.1
64.5569, 11.7955, 226.158
64.6728, 10.3084, 206.622
64.7903, 9.19559, 187.956
64.9109, 8.36085, 170.165
65.0361, 7.7407, 153.189
65.1677, 7.29597, 136.971
65.3079, 7.00471, 121.466
65.459, 6.85912, 106.63
65.6248, 6.86646, 92.419
65.8089, 7.05274, 78.8697
66.007, 7.44709, 66.5752
66.2037, 8.03567, 56.3762
66.3979, 8.81989, 47.9676
66.5937, 9.83587, 40.9009
66.7954, 11.1507, 34.8723
67.0085, 12.8844, 29.6573
67.2435, 15.2871, 25.0439
67.5001, 18.6257, 21.1311
67.7232, 22.2768, 18.5155
67.9407, 26.6566, 16.5633
68.1517, 31.8372, 15.1691
68.359, 37.9977, 14.2439
68.5682, 45.492, 13.7536
68.7805, 54.6364, 13.7492
68.983, 65.0333, 14.2995
69.1677, 76.1179, 15.4213
69.3382, 87.7993, 17.1893
69.4998, 100.177, 19.8094
69.6561, 113.238, 23.646
69.782, 124.332, 28.1145
69.9058, 135.416, 34.2624
70.019, 145.274, 42.0472
70.1222, 153.504, 51.6314
70.2192, 159.988, 63.5155
70.3131, 164.456, 78.4442
70.4075, 166.386, 97.5915
70.5078, 164.743, 123.135
70.6009, 159.154, 151.768
70.6918, 149.686, 183.627
70.7774, 137.467, 215.602
70.8619, 123.009, 247.001
70.9494, 106.742, 276.707
71.0317, 91.3855, 299.955
71.1083, 77.8875, 316.263
71.1844, 65.776, 326.89
71.2641, 54.7623, 332.204
71.3531, 44.5194, 331.887
71.4569, 35.1061, 324.8
71.5573, 28.1712, 312.944
71.6516, 23.1965, 298.858
71.7466, 19.347, 282.935
71.8464, 16.2589, 265.278
71.9535, 13.763, 246.1
72.0669, 11.7955, 226.158
72.1827, 10.3084, 206.622
72.3003, 9.19559, 187.956
72.4208, 8.36085, 170.165
72.546, 7.7407, 153.189
72.6777, 7.29597, 136.971
72.8178, 7.0047, 121.466
72.969, 6.85912, 106.63
73.1348, 6.86646, 92.419
73.3189, 7.05274, 78.8697
73.517, 7.44709, 66.5752
73.7137, 8.03566, 56.3762
73.9078, 8.81988, 47.9677
74.1037, 9.83586, 40.9009
74.3054, 11.1507, 34.8723
74.5184, 12.8843, 29.6573
74.7535, 15.2871, 25.044
75.01, 18.6257, 21.1311
75.2331, 22.2768, 18.5155
75.4507, 26.6566, 16.5633
75.6617, 31.8372, 15.1691
75.869, 37.9977, 14.2439
76.0782, 45.492, 13.7536
76.2905, 54.6363, 13.7492
76.493, 65.0333, 14.2995
76.6777, 76.1178, 15.4213
76.8481, 87.7992, 17.1893
77.0098, 100.177, 19.8094
77.1661, 113.238, 23.6459
77.292, 124.331, 28.1145
77.4157, 135.415, 34.2623
77.529, 145.274, 42.0472
77.6322, 153.504, 51.6313
77.7291, 159.988, 63.5154
77.823, 164.456, 78.4441
77.9174, 166.386, 97.5914
78.0177, 164.743, 123.135
78.1108, 159.154, 151.767
78.2018, 149.686, 183.626
78.2873, 137.467, 215.602
78.3719, 123.009, 247.001
78.4593, 106.742, 276.707
78.5416, 91.3856, 299.954
78.6182, 77.8876, 316.263
78.6944, 65.7761, 326.89
78.774, 54.7624, 332.204
78.8631, 44.5195, 331.887
78.9669, 35.1061, 324.8
79.0673, 28.1712, 312.944
79.1616, 23.1965, 298.858
79.2566, 19.347, 282.936
79.3564, 16.2589, 265.278
79.4635, 13.763, 246.1
79.5768, 11.7955, 226.158
79.6927, 10.3084, 206.622
79.8102, 9.19559, 187.956
79.9308, 8.36085, 170.165
80.056, 7.7407, 153.189
80.1877, 7.29597, 136.971
80.3278, 7.0047, 121.466
80.479, 6.85912, 106.631
80.6447, 6.86645, 92.4191
80.8288, 7.05274, 78.8698
81.027, 7.44708, 66.5753
81.2236, 8.03566, 56.3763
81.4178, 8.81987, 47.9677
81.6136, 9.83585, 40.901
81.8153, 11.1507, 34.8724
82.0284, 12.8843, 29.6573
82.2635, 15.2871, 25.044
82.52, 18.6256, 21.1311
82.7431, 22.2767, 18.5155
82.9606, 26.6565, 16.5633
83.1716, 31.8372, 15.1691
83.3789, 37.9976, 14.2439
83.5882, 45.4919, 13.7536
83.8004, 54.6363, 13.7492
84.0029, 65.0332, 14.2995
84.1876, 76.1177, 15.4213
84.3581, 87.7991, 17.1893
84.5197, 100.177, 19.8094
84.676, 113.238, 23.6459
84.8019, 124.331, 28.1144
84.9257, 135.415, 34.2623
85.039, 145.274, 42.0471
85.1422, 153.504, 51.6313
85.2391, 159.988, 63.5153
85.333, 164.456, 78.4439
85.4274, 166.386, 97.5912
85.5277, 164.743, 123.135
85.6208, 159.155, 151.767
85.7117, 149.686, 183.626
85.7973, 137.467, 215.601
85.8819, 123.009, 247
85.9693, 106.742, 276.707
86.0516, 91.3857, 299.954
86.1282, 77.8877, 316.263
86.2043, 65.7762, 326.89
86.284, 54.7625, 332.205
86.373, 44.5196, 331.887
86.4768, 35.1061, 324.8
86.5772, 28.1713, 312.944
86.6715, 23.1965, 298.858
86.7665, 19.347, 282.936
86.8664, 16.2589, 265.278
86.9734, 13.763, 246.1
87.0868, 11.7955, 226.158
87.2027, 10.3084, 206.622
87.3202, 9.1956, 187.956
87.4408, 8.36085, 170.165
87.566, 7.7407, 153.189
87.6976, 7.29597, 136.971
87.8378, 7.0047, 121.467
87.9889, 6.85912, 106.631
88.1547, 6.86645, 92.4192
88.3388, 7.05273, 78.8698
88.5369, 7.44708, 66.5754
88.7336, 8.03565, 56.3763
88.9278, 8.81987, 47.9678
89.1236, 9.83584, 40.901
89.3253, 11.1507, 34.8724
89.5383, 12.8843, 29.6574
89.7734, 15.2871, 25.044
90.03, 18.6256, 21.1311
90.2531, 22.2767, 18.5155
90.4706, 26.6565, 16.5633
90.6816, 31.8371, 15.1691
90.8889, 37.9976, 14.2439
91.0981, 45.4919, 13.7536
91.3104, 54.6362, 13.7492
91.5129, 65.0331, 14.2995
91.6976, 76.1176, 15.4212
91.8681, 87.799, 17.1892
92.0297, 100.177, 19.8094
92.186, 113.238, 23.6459
92.3119, 124.331, 28.1144
92.4357, 135.415, 34.2622
92.5489, 145.274, 42.047
92.6521, 153.504, 51.6312
92.7491, 159.988, 63.5152
92.843, 164.456, 78.4438
92.9374, 166.386, 97.591
93.0377, 164.743, 123.134
93.1307, 159.155, 151.767
93.2217, 149.686, 183.626
93.3073, 137.467, 215.601
93.3918, 123.009, 247
93.4793, 106.743, 276.707
93.5616, 91.3859, 299.954
93.6382, 77.8878, 316.262
93.7143, 65.7763, 326.889
93.794, 54.7626, 332.205
93.883, 44.5196, 331.887
93.9868, 35.1062, 324.8
94.0872, 28.1713, 312.944
94.1815, 23.1965, 298.858
94.2765, 19.347, 282.936
94.3763, 16.259, 265.278
94.4834, 13.763, 246.1
94.5968, 11.7955, 226.158
94.7126, 10.3084, 206.622
94.8302, 9.1956, 187.956
94.9507, 8.36085, 170.165
95.0759, 7.7407, 153.189
95.2076, 7.29597, 136.971
95.3477, 7.0047, 121.467
95.4989, 6.85911, 106.631
95.6646, 6.86645, 92.4192
95.8488, 7.05273, 78.8699
96.0469, 7.44707, 66.5754
96.2436, 8.03564, 56.3764
96.4377, 8.81986, 47.9678
96.6336, 9.83584, 40.901
96.8353, 11.1507, 34.8724
97.0483, 12.8843, 29.6574
97.2834, 15.2871, 25.044
97.5399, 18.6256, 21.1311
97.763, 22.2767, 18.5155
97.9806, 26.6565, 16.5633
98.1916, 31.8371, 15.1691
98.3989, 37.9975, 14.2439
98.6081, 45.4918, 13.7536
98.8203, 54.6361, 13.7492
99.0228, 65.0331, 14.2994
99.2076, 76.1176, 15.4212
99.378, 87.799, 17.1892
99.5397, 100.177, 19.8093
99.696, 113.238, 23.6458
99.8218, 124.331, 28.1143
99.9456, 135.415, 34.2622
100.059, 145.274, 42.047
100.162, 153.504, 51.6311
100.259, 159.988, 63.5151
100.353, 164.456, 78.4437
100.447, 166.386, 97.5908
100.548, 164.743, 123.134
100.641, 159.155, 151.767
100.732, 149.686, 183.626
100.817, 137.467, 215.601
100.902, 123.009, 247
100.989, 106.743, 276.706
101.072, 91.386, 299.954
101.148, 77.8879, 316.262
101.224, 65.7764, 326.889
101.304, 54.7627, 332.205
101.393, 44.5197, 331.887
101.497, 35.1062, 324.8
101.597, 28.1713, 312.944
101.691, 23.1965, 298.858
101.786, 19.347, 282.936
101.886, 16.259, 265.279
101.993, 13.763, 246.101
102.107, 11.7955, 226.158
102.223, 10.3084, 206.622
102.34, 9.1956, 187.956
102.461, 8.36085, 170.165
102.586, 7.7407, 153.189
102.718, 7.29597, 136.972
102.858, 7.0047, 121.467
103.009, 6.85911, 106.631
103.175, 6.86644, 92.4193
103.359, 7.05272, 78.87
103.557, 7.44707, 66.5755
103.754, 8.03564, 56.3764
103.948, 8.81985, 47.9678
104.144, 9.83583, 40.9011
104.345, 11.1507, 34.8725
104.558, 12.8843, 29.6574
104.793, 15.287, 25.044
105.05, 18.6256, 21.1311
105.273, 22.2767, 18.5155
105.491, 26.6564, 16.5633
105.702, 31.8371, 15.1691
105.909, 37.9975, 14.2439
106.118, 45.4918, 13.7536
106.33, 54.6361, 13.7492
106.533, 65.033, 14.2994
106.718, 76.1175, 15.4212
106.888, 87.7989, 17.1892
107.05, 100.177, 19.8093
107.206, 113.238, 23.6458
107.332, 124.331, 28.1143
107.456, 135.415, 34.2621
107.569, 145.274, 42.0469
107.672, 153.504, 51.631
107.769, 159.988, 63.515
107.863, 164.456, 78.4435
107.957, 166.386, 97.5907
108.058, 164.743, 123.134
108.151, 159.155, 151.766
108.242, 149.686, 183.626
108.327, 137.467, 215.601
108.412, 123.01, 247
108.499, 106.743, 276.706
108.581, 91.3861, 299.954
108.658, 77.888, 316.262
108.734, 65.7764, 326.889
108.814, 54.7627, 332.205
108.903, 44.5198, 331.887
109.007, 35.1063, 324.801
109.107, 28.1713, 312.944
109.201, 23.1966, 298.858
109.296, 19.3471, 282.936
109.396, 16.259, 265.279
109.503, 13.763, 246.101
109.617, 11.7955, 226.158
109.733, 10.3084, 206.623
109.85, 9.1956, 187.956
109.971, 8.36086, 170.166
110.096, 7.7407, 153.189
110.228, 7.29597, 136.972
110.368, 7.0047, 121.467
110.519, 6.85911, 106.631
110.685, 6.86644, 92.4194
110.869, 7.05272, 78.87
111.067, 7.44706, 66.5755
111.263, 8.03563, 56.3765
111.458, 8.81984, 47.9679
111.653, 9.83582, 40.9011
111.855, 11.1507, 34.8725
112.068, 12.8843, 29.6574
112.303, 15.287, 25.0441
112.56, 18.6256, 21.1311
112.783, 22.2766, 18.5155
113.001, 26.6564, 16.5633
113.212, 31.837, 15.1691
113.419, 37.9974, 14.2439
113.628, 45.4917, 13.7536
113.84, 54.636, 13.7492
114.043, 65.0329, 14.2994
114.228, 76.1174, 15.4212
114.398, 87.7988, 17.1892
114.56, 100.177, 19.8093
114.716, 113.238, 23.6457
114.842, 124.331, 28.1142
114.966, 135.415, 34.2621
115.079, 145.274, 42.0468
115.182, 153.504, 51.6309
115.279, 159.988, 63.5148
115.373, 164.456, 78.4434
115.467, 166.386, 97.5905
115.568, 164.743, 123.134
115.661, 159.155, 151.766
115.752, 149.686, 183.625
115.837, 137.467, 215.6
115.922, 123.01, 247
116.009, 106.743, 276.706
116.091, 91.3862, 299.954
116.168, 77.8881, 316.262
116.244, 65.7765, 326.889
116.324, 54.7628, 332.205
116.413, 44.5199, 331.887
116.517, 35.1063, 324.801
116.617, 28.1713, 312.944
116.711, 23.1966, 298.858
116.806, 19.3471, 282.936
116.906, 16.259, 265.279
117.013, 13.7631, 246.101
117.127, 11.7955, 226.158
117.243, 10.3084, 206.623
117.36, 9.1956, 187.956
117.481, 8.36086, 170.166
117.606, 7.7407, 153.189
117.737, 7.29597, 136.972
117.878, 7.0047, 121.467
118.029, 6.85911, 106.631
118.195, 6.86644, 92.4194
118.379, 7.05272, 78.8701
118.577, 7.44706, 66.5756
118.773, 8.03562, 56.3765
118.968, 8.81984, 47.9679
119.163, 9.83581, 40.9011
119.365, 11.1507, 34.8725
119.578, 12.8842, 29.6575
119.813, 15.287, 25.0441
120.07, 18.6255, 21.1312
120.293, 22.2766, 18.5155
120.51, 26.6564, 16.5634
120.721, 31.837, 15.1691
120.929, 37.9974, 14.2439
121.138, 45.4916, 13.7536
121.35, 54.6359, 13.7492
121.553, 65.0328, 14.2994
121.737, 76.1174, 15.4212
121.908, 87.7987, 17.1892
122.07, 100.177, 19.8093
122.226, 113.238, 23.6457
122.352, 124.331, 28.1142
122.476, 135.415, 34.262
122.589, 145.274, 42.0468
122.692, 153.504, 51.6308
122.789, 159.988, 63.5147
122.883, 164.456, 78.4433
122.977, 166.386, 97.5903
123.078, 164.743, 123.133
123.171, 159.155, 151.766
123.262, 149.686, 183.625
123.347, 137.468, 215.6
123.432, 123.01, 246.999
123.519, 106.743, 276.706
123.601, 91.3863, 299.954
123.678, 77.8882, 316.262
123.754, 65.7766, 326.889
123.834, 54.7629, 332.205
123.923, 44.5199, 331.887
124.027, 35.1064, 324.801
124.127, 28.1713, 312.944
124.221, 23.1966, 298.858
124.316, 19.3471, 282.936
124.416, 16.259, 265.279
124.523, 13.7631, 246.101
124.637, 11.7955, 226.159
124.752, 10.3084, 206.623
124.87, 9.1956, 187.956
124.991, 8.36086, 170.166
125.116, 7.7407, 153.189
125.247, 7.29597, 136.972
125.388, 7.00469, 121.467
125.539, 6.85911, 106.631
125.705, 6.86643, 92.4195
125.889, 7.05271, 78.8702
126.087, 7.44705, 66.5756
126.283, 8.03562, 56.3766
126.478, 8.81983, 47.968
126.673, 9.8358, 40.9012
126.875, 11.1507, 34.8725
127.088, 12.8842, 29.6575
127.323, 15.287, 25.0441
127.58, 18.6255, 21.1312
127.803, 22.2766, 18.5155
128.02, 26.6563, 16.5634
128.231, 31.8369, 15.1691
128.439, 37.9974, 14.2439
128.648, 45.4916, 13.7536
128.86, 54.6359, 13.7492
129.063, 65.0328, 14.2994
129.247, 76.1173, 15.4212
129.418, 87.7987, 17.1891
129.58, 100.177, 19.8092
129.736, 113.238, 23.6457
129.862, 124.331, 28.1141
129.986, 135.415, 34.2619
130.099, 145.274, 42.0467
130.202, 153.504, 51.6308
130.299, 159.988, 63.5146
130.393, 164.456, 78.4431
130.487, 166.386, 97.5901
130.587, 164.743, 123.133
130.681, 159.155, 151.766
130.772, 149.686, 183.625
130.857, 137.468, 215.6
130.942, 123.01, 246.999
131.029, 106.743, 276.706
131.111, 91.3864, 299.954
131.188, 77.8883, 316.262
131.264, 65.7767, 326.889
131.344, 54.763, 332.205
131.433, 44.52, 331.888
131.537, 35.1064, 324.801
131.637, 28.1714, 312.945
131.731, 23.1966, 298.858
131.826, 19.3471, 282.936
131.926, 16.259, 265.279
132.033, 13.7631, 246.101
132.147, 11.7955, 226.159
132.262, 10.3084, 206.623
132.38, 9.19561, 187.957
132.501, 8.36086, 170.166
132.626, 7.7407, 153.19
132.757, 7.29596, 136.972
132.898, 7.00469, 121.467
133.049, 6.8591, 106.631
133.214, 6.86643, 92.4196
133.399, 7.05271, 78.8702
133.597, 7.44705, 66.5757
133.793, 8.03561, 56.3766
133.988, 8.81982, 47.968
134.183, 9.83579, 40.9012
134.385, 11.1506, 34.8726
134.598, 12.8842, 29.6575
134.833, 15.287, 25.0441
135.09, 18.6255, 21.1312
135.313, 22.2766, 18.5156
135.53, 26.6563, 16.5634
135.741, 31.8369, 15.1691
135.949, 37.9973, 14.2439
136.158, 45.4915, 13.7536
136.37, 54.6358, 13.7492
136.573, 65.0327, 14.2994
136.757, 76.1172, 15.4212
136.928, 87.7986, 17.1891
137.089, 100.176, 19.8092
137.246, 113.238, 23.6456
137.372, 124.331, 28.1141
137.495, 135.415, 34.2619
137.609, 145.274, 42.0466
137.712, 153.504, 51.6307
137.809, 159.988, 63.5145
137.903, 164.456, 78.443
137.997, 166.386, 97.5899
138.097, 164.743, 123.133
138.191, 159.155, 151.765
138.282, 149.687, 183.625
138.367, 137.468, 215.6
138.452, 123.01, 246.999
138.539, 106.743, 276.706
138.621, 91.3865, 299.954
138.698, 77.8884, 316.262
138.774, 65.7768, 326.889
138.854, 54.7631, 332.205
138.943, 44.5201, 331.888
139.047, 35.1065, 324.801
139.147, 28.1714, 312.945
139.241, 23.1966, 298.859
139.336, 19.3471, 282.936
139.436, 16.259, 265.279
139.543, 13.7631, 246.101
139.657, 11.7955, 226.159
139.772, 10.3084, 206.623
139.89, 9.19561, 187.957
140.011, 8.36086, 170.166
140.136, 7.7407, 153.19
140.267, 7.29596, 136.972
140.408, 7.00469, 121.467
140.559, 6.8591, 106.631
140.724, 6.86643, 92.4197
140.909, 7.0527, 78.8703
141.107, 7.44704, 66.5757
141.303, 8.0356, 56.3767
141.498, 8.81981, 47.968
141.693, 9.83578, 40.9012
141.895, 11.1506, 34.8726
142.108, 12.8842, 29.6575
142.343, 15.2869, 25.0442
142.6, 18.6255, 21.1312
142.823, 22.2765, 18.5156
143.04, 26.6563, 16.5634
143.251, 31.8369, 15.1691
143.459, 37.9973, 14.2439
143.668, 45.4915, 13.7536
143.88, 54.6357, 13.7491
144.083, 65.0326, 14.2994
144.267, 76.1171, 15.4211
144.438, 87.7985, 17.1891
144.599, 100.176, 19.8092
144.756, 113.237, 23.6456
144.882, 124.331, 28.1141
145.005, 135.415, 34.2618
145.119, 145.274, 42.0466
145.222, 153.504, 51.6306
145.319, 159.988, 63.5144
145.413, 164.456, 78.4429
145.507, 166.386, 97.5898
145.607, 164.743, 123.133
145.701, 159.155, 151.765
145.791, 149.687, 183.624
145.877, 137.468, 215.6
145.962, 123.01, 246.999
146.049, 106.743, 276.705
146.131, 91.3867, 299.953
146.208, 77.8885, 316.262
146.284, 65.7769, 326.889
146.364, 54.7631, 332.205
146.453, 44.5202, 331.888
146.557, 35.1065, 324.801
146.657, 28.1714, 312.945
146.751, 23.1966, 298.859
146.846, 19.3471, 282.936
146.946, 16.259, 265.279
147.053, 13.7631, 246.101
147.167, 11.7955, 226.159
147.282, 10.3084, 206.623
147.4, 9.19561, 187.957
147.52, 8.36086, 170.166
147.646, 7.7407, 153.19
147.777, 7.29596, 136.972
147.917, 7.00469, 121.467
148.069, 6.8591, 106.631
148.234, 6.86643, 92.4197
148.419, 7.0527, 78.8704
148.617, 7.44703, 66.5758
148.813, 8.0356, 56.3767
149.008, 8.8198, 47.9681
149.203, 9.83577, 40.9013
149.405, 11.1506, 34.8726
149.618, 12.8842, 29.6576
149.853, 15.2869, 25.0442
150.11, 18.6254, 21.1312
150.333, 22.2765, 18.5156
150.55, 26.6562, 16.5634
150.761, 31.8368, 15.1691
150.969, 37.9972, 14.2439
151.178, 45.4914, 13.7536
151.39, 54.6357, 13.7491
151.593, 65.0326, 14.2994
151.777, 76.1171, 15.4211
151.948, 87.7984, 17.1891
152.109, 100.176, 19.8092
152.266, 113.237, 23.6456
152.392, 124.331, 28.114
152.515, 135.415, 34.2618
152.629, 145.274, 42.0465
152.732, 153.504, 51.6305
152.829, 159.988, 63.5143
152.923, 164.456, 78.4427
153.017, 166.386, 97.5896
153.117, 164.743, 123.132
153.21, 159.155, 151.765
153.301, 149.687, 183.624
153.387, 137.468, 215.599
153.472, 123.01, 246.999
153.559, 106.744, 276.705
153.641, 91.3868, 299.953
153.718, 77.8886, 316.262
153.794, 65.777, 326.889
153.874, 54.7632, 332.205
153.963, 44.5202, 331.888
154.067, 35.1066, 324.801
154.167, 28.1714, 312.945
154.261, 23.1966, 298.859
154.356, 19.3471, 282.937
154.456, 16.259, 265.279
154.563, 13.7631, 246.101
154.676, 11.7955, 226.159
154.792, 10.3084, 206.623
154.91, 9.19561, 187.957
155.03, 8.36086, 170.166
155.156, 7.7407, 153.19
155.287, 7.29596, 136.972
155.427, 7.00469, 121.467
155.579, 6.8591, 106.631
155.744, 6.86642, 92.4198
155.928, 7.0527, 78.8704
156.127, 7.44703, 66.5759
156.323, 8.03559, 56.3767
156.517, 8.8198, 47.9681
156.713, 9.83576, 40.9013
156.915, 11.1506, 34.8727
157.128, 12.8842, 29.6576
157.363, 15.2869, 25.0442
157.62, 18.6254, 21.1312
157.843, 22.2765, 18.5156
158.06, 26.6562, 16.5634
158.271, 31.8368, 15.1691
158.479, 37.9972, 14.2439
158.688, 45.4914, 13.7536
158.9, 54.6356, 13.7491
159.103, 65.0325, 14.2994
159.287, 76.117, 15.4211
159.458, 87.7984, 17.1891
159.619, 100.176, 19.8091
159.776, 113.237, 23.6455
159.902, 124.331, 28.114
160.025, 135.415, 34.2617
160.139, 145.274, 42.0464
160.242, 153.504, 51.6304
160.339, 159.988, 63.5142
160.433, 164.456, 78.4426
160.527, 166.387, 97.5894
160.627, 164.743, 123.132
160.72, 159.155, 151.765
160.811, 149.687, 183.624
160.897, 137.468, 215.599
160.982, 123.01, 246.998
161.069, 106.744, 276.705
161.151, 91.3869, 299.953
161.228, 77.8887, 316.262
161.304, 65.7771, 326.889
161.384, 54.7633, 332.205
161.473, 44.5203, 331.888
161.577, 35.1066, 324.801
161.677, 28.1714, 312.945
161.771, 23.1967, 298.859
161.866, 19.3471, 282.937
161.966, 16.259, 265.279
162.073, 13.7631, 246.101
162.186, 11.7955, 226.159
162.302, 10.3084, 206.623
162.42, 9.19561, 187.957
162.54, 8.36086, 170.166
162.666, 7.7407, 153.19
162.797, 7.29596, 136.972
162.937, 7.00469, 121.467
163.089, 6.8591, 106.631
163.254, 6.86642, 92.4199
163.438, 7.05269, 78.8705
163.637, 7.44702, 66.5759
163.833, 8.03559, 56.3768
164.027, 8.81979, 47.9681
164.223, 9.83575, 40.9013
164.425, 11.1506, 34.8727
164.638, 12.8842, 29.6576
164.873, 15.2869, 25.0442
165.13, 18.6254, 21.1312
165.353, 22.2764, 18.5156
165.57, 26.6562, 16.5634
165.781, 31.8368, 15.1691
165.989, 37.9971, 14.2439
166.198, 45.4913, 13.7536
166.41, 54.6355, 13.7491
166.613, 65.0324, 14.2993
166.797, 76.1169, 15.4211
166.968, 87.7983, 17.189
167.129, 100.176, 19.8091
167.286, 113.237, 23.6455
167.412, 124.331, 28.1139
167.535, 135.415, 34.2617
167.649, 145.273, 42.0464
167.752, 153.504, 51.6303
167.849, 159.988, 63.5141
167.943, 164.456, 78.4424
168.037, 166.387, 97.5892
168.137, 164.743, 123.132
168.23, 159.155, 151.764
168.321, 149.687, 183.624
168.407, 137.468, 215.599
168.491, 123.011, 246.998
168.579, 106.744, 276.705
168.661, 91.387, 299.953
168.738, 77.8888, 316.262
168.814, 65.7772, 326.889
168.894, 54.7634, 332.205
168.983, 44.5204, 331.888
169.086, 35.1067, 324.801
169.187, 28.1715, 312.945
169.281, 23.1967, 298.859
169.376, 19.3471, 282.937
169.476, 16.259, 265.28
169.583, 13.7631, 246.102
169.696, 11.7955, 226.159
169.812, 10.3084, 206.623
169.93, 9.19561, 187.957
170.05, 8.36086, 170.166
170.176, 7.7407, 153.19
170.307, 7.29596, 136.972
170.447, 7.00469, 121.467
170.599, 6.85909, 106.631
170.764, 6.86642, 92.4199
170.948, 7.05269, 78.8706
171.147, 7.44702, 66.576
171.343, 8.03558, 56.3768
171.537, 8.81978, 47.9682
171.733, 9.83574, 40.9014
171.935, 11.1506, 34.8727
172.148, 12.8841, 29.6576
172.383, 15.2868, 25.0443
172.64, 18.6254, 21.1312
172.863, 22.2764, 18.5156
173.08, 26.6562, 16.5634
173.291, 31.8367, 15.1691
173.499, 37.9971, 14.2439
173.708, 45.4913, 13.7536
173.92, 54.6355, 13.7491
174.123, 65.0324, 14.2993
174.307, 76.1168, 15.4211
174.478, 87.7982, 17.189
174.639, 100.176, 19.8091
174.796, 113.237, 23.6455
174.922, 124.331, 28.1139
175.045, 135.415, 34.2616
175.159, 145.273, 42.0463
175.262, 153.504, 51.6302
175.359, 159.988, 63.514
175.453, 164.456, 78.4423
175.547, 166.387, 97.589
175.647, 164.743, 123.132
175.74, 159.156, 151.764
175.831, 149.687, 183.624
175.917, 137.468, 215.599
176.001, 123.011, 246.998
176.089, 106.744, 276.705
176.171, 91.3871, 299.953
176.248, 77.8889, 316.262
176.324, 65.7773, 326.889
176.404, 54.7635, 332.205
176.493, 44.5205, 331.888
176.596, 35.1067, 324.801
176.697, 28.1715, 312.945
176.791, 23.1967, 298.859
176.886, 19.3472, 282.937
176.986, 16.2591, 265.28
177.093, 13.7631, 246.102
177.206, 11.7955, 226.159
177.322, 10.3084, 206.623
177.44, 9.19562, 187.957
177.56, 8.36086, 170.166
177.686, 7.7407, 153.19
177.817, 7.29596, 136.972
177.957, 7.00468, 121.467
178.109, 6.85909, 106.631
178.274, 6.86641, 92.42
178.458, 7.05268, 78.8706
178.657, 7.44701, 66.576
178.853, 8.03557, 56.3769
179.047, 8.81977, 47.9682
179.243, 9.83573, 40.9014
179.445, 11.1506, 34.8727
179.658, 12.8841, 29.6577
179.893, 15.2868, 25.0443
180.15, 18.6254, 21.1313
180.373, 22.2764, 18.5156
180.59, 26.6561, 16.5634
180.801, 31.8367, 15.1691
181.009, 37.997, 14.2439
181.218, 45.4912, 13.7536
181.43, 54.6354, 13.7491
181.632, 65.0323, 14.2993
181.817, 76.1168, 15.4211
181.988, 87.7981, 17.189
182.149, 100.176, 19.809
182.306, 113.237, 23.6454
182.431, 124.33, 28.1138
182.555, 135.415, 34.2616
182.669, 145.273, 42.0462
182.772, 153.504, 51.6302
182.869, 159.988, 63.5139
182.963, 164.456, 78.4422
183.057, 166.387, 97.5889
183.157, 164.744, 123.131
183.25, 159.156, 151.764
183.341, 149.687, 183.623
183.427, 137.468, 215.599
183.511, 123.011, 246.998
183.599, 106.744, 276.705
183.681, 91.3872, 299.953
183.758, 77.889, 316.262
183.834, 65.7773, 326.889
183.914, 54.7635, 332.205
184.003, 44.5205, 331.888
184.106, 35.1068, 324.802
184.207, 28.1715, 312.945
184.301, 23.1967, 298.859
184.396, 19.3472, 282.937
184.496, 16.2591, 265.28
184.603, 13.7631, 246.102
184.716, 11.7955, 226.159
184.832, 10.3084, 206.624
184.95, 9.19562, 187.957
185.07, 8.36086, 170.166
185.196, 7.7407, 153.19
185.327, 7.29596, 136.972
185.467, 7.00468, 121.468
185.619, 6.85909, 106.632
185.784, 6.86641, 92.4201
185.968, 7.05268, 78.8707
186.166, 7.44701, 66.5761
186.363, 8.03557, 56.3769
186.557, 8.81977, 47.9683
186.753, 9.83572, 40.9014
186.955, 11.1506, 34.8728
187.168, 12.8841, 29.6577
187.403, 15.2868, 25.0443
187.66, 18.6253, 21.1313
187.883, 22.2764, 18.5156
188.1, 26.6561, 16.5634
188.311, 31.8367, 15.1691
188.518, 37.997, 14.2439
188.728, 45.4912, 13.7536
188.94, 54.6354, 13.7491
189.142, 65.0322, 14.2993
189.327, 76.1167, 15.4211
189.498, 87.7981, 17.189
189.659, 100.176, 19.809
189.816, 113.237, 23.6454
189.941, 124.33, 28.1138
190.065, 135.415, 34.2615
190.179, 145.273, 42.0462
190.282, 153.504, 51.6301
190.379, 159.988, 63.5138
190.473, 164.456, 78.442
190.567, 166.387, 97.5887
190.667, 164.744, 123.131
190.76, 159.156, 151.764
190.851, 149.687, 183.623
190.937, 137.469, 215.598
191.021, 123.011, 246.998
191.109, 106.744, 276.704
191.191, 91.3873, 299.953
191.268, 77.8891, 316.262
191.344, 65.7774, 326.889
191.424, 54.7636, 332.205
191.513, 44.5206, 331.888
191.616, 35.1068, 324.802
191.717, 28.1715, 312.945
191.811, 23.1967, 298.859
191.906, 19.3472, 282.937
192.006, 16.2591, 265.28
192.113, 13.7631, 246.102
192.226, 11.7956, 226.16
192.342, 10.3084, 206.624
192.46, 9.19562, 187.957
192.58, 8.36086, 170.167
192.706, 7.7407, 153.19
192.837, 7.29596, 136.973
192.977, 7.00468, 121.468
193.128, 6.85909, 106.632
193.294, 6.86641, 92.4201
193.478, 7.05268, 78.8707
193.676, 7.447, 66.5761
193.873, 8.03556, 56.377
194.067, 8.81976, 47.9683
194.263, 9.83571, 40.9015
194.465, 11.1505, 34.8728
194.678, 12.8841, 29.6577
194.913, 15.2868, 25.0443
195.17, 18.6253, 21.1313
195.393, 22.2763, 18.5156
195.61, 26.6561, 16.5634
195.821, 31.8366, 15.1691
196.028, 37.997, 14.2439
196.238, 45.4911, 13.7536
196.45, 54.6353, 13.7491
196.652, 65.0321, 14.2993
196.837, 76.1166, 15.421
197.008, 87.798, 17.189
197.169, 100.176, 19.809
197.326, 113.237, 23.6453
197.451, 124.33, 28.1137
197.575, 135.415, 34.2615
197.688, 145.273, 42.0461
197.792, 153.503, 51.63
197.889, 159.988, 63.5137
197.983, 164.456, 78.4419
198.077, 166.387, 97.5885
198.177, 164.744, 123.131
198.27, 159.156, 151.763
198.361, 149.687, 183.623
198.447, 137.469, 215.598
198.531, 123.011, 246.997
198.619, 106.744, 276.704
198.701, 91.3875, 299.953
198.778, 77.8892, 316.262
198.854, 65.7775, 326.889
198.934, 54.7637, 332.205
199.023, 44.5207, 331.888
199.126, 35.1068, 324.802
199.227, 28.1715, 312.945
199.321, 23.1967, 298.859
199.416, 19.3472, 282.937
199.516, 16.2591, 265.28
199.623, 13.7631, 246.102
199.736, 11.7956, 226.16
199.852, 10.3084, 206.624
199.97, 9.19562, 187.957
200.09, 8.36086, 170.167
200.215, 7.7407, 153.19
200.347, 7.29596, 136.973
200.487, 7.00468, 121.468
200.638, 6.85908, 106.632
200.804, 6.86641, 92.4202
200.988, 7.05267, 78.8708
201.186, 7.447, 66.5762
201.383, 8.03555, 56.377
201.577, 8.81975, 47.9683
201.773, 9.8357, 40.9015
201.975, 11.1505, 34.8728
202.188, 12.8841, 29.6577
202.423, 15.2868, 25.0443
202.679, 18.6253, 21.1313
202.903, 22.2763, 18.5156
203.12, 26.656, 16.5634
203.331, 31.8366, 15.1691
203.538, 37.9969, 14.2439
203.748, 45.491, 13.7536
203.96, 54.6352, 13.7491
204.162, 65.0321, 14.2993
204.347, 76.1165, 15.421
204.518, 87.7979, 17.1889
204.679, 100.176, 19.809
204.836, 113.237, 23.6453
204.961, 124.33, 28.1137
205.085, 135.414, 34.2614
205.198, 145.273, 42.046
205.302, 153.503, 51.6299
205.399, 159.988, 63.5136
205.492, 164.456, 78.4418
205.587, 166.387, 97.5883
205.687, 164.744, 123.131
205.78, 159.156, 151.763
205.871, 149.687, 183.623
205.957, 137.469, 215.598
206.041, 123.011, 246.997
206.129, 106.744, 276.704
206.211, 91.3876, 299.953
206.288, 77.8893, 316.262
206.364, 65.7776, 326.889
206.443, 54.7638, 332.205
206.533, 44.5208, 331.888
206.636, 35.1069, 324.802
206.737, 28.1716, 312.945
206.831, 23.1967, 298.859
206.926, 19.3472, 282.937
207.026, 16.2591, 265.28
207.133, 13.7631, 246.102
207.246, 11.7956, 226.16
207.362, 10.3084, 206.624
207.48, 9.19562, 187.958
207.6, 8.36086, 170.167
207.725, 7.7407, 153.19
207.857, 7.29596, 136.973
207.997, 7.00468, 121.468
208.148, 6.85908, 106.632
208.314, 6.8664, 92.4203
208.498, 7.05267, 78.8709
208.696, 7.44699, 66.5762
208.893, 8.03555, 56.3771
209.087, 8.81974, 47.9684
209.283, 9.83569, 40.9015
209.485, 11.1505, 34.8729
209.698, 12.8841, 29.6578
209.933, 15.2867, 25.0444
210.189, 18.6253, 21.1313
210.413, 22.2763, 18.5156
210.63, 26.656, 16.5634
210.841, 31.8365, 15.1691
211.048, 37.9969, 14.2439
211.258, 45.491, 13.7536
211.47, 54.6352, 13.7491
211.672, 65.032, 14.2993
211.857, 76.1165, 15.421
212.028, 87.7978, 17.1889
212.189, 100.176, 19.8089
212.345, 113.237, 23.6453
212.471, 124.33, 28.1136
212.595, 135.414, 34.2613
212.708, 145.273, 42.0459
212.812, 153.503, 51.6298
212.909, 159.988, 63.5135
213.002, 164.456, 78.4416
213.097, 166.387, 97.5882
213.197, 164.744, 123.13
213.29, 159.156, 151.763
213.381, 149.688, 183.622
213.467, 137.469, 215.598
213.551, 123.011, 246.997
213.639, 106.745, 276.704
213.721, 91.3877, 299.953
213.798, 77.8894, 316.262
213.874, 65.7777, 326.889
213.953, 54.7639, 332.205
214.043, 44.5208, 331.888
214.146, 35.1069, 324.802
214.247, 28.1716, 312.946
214.341, 23.1968, 298.86
214.436, 19.3472, 282.937
214.536, 16.2591, 265.28
214.643, 13.7631, 246.102
214.756, 11.7956, 226.16
214.872, 10.3084, 206.624
214.99, 9.19562, 187.958
215.11, 8.36086, 170.167
215.235, 7.7407, 153.19
215.367, 7.29596, 136.973
215.507, 7.00468, 121.468
215.658, 6.85908, 106.632
215.824, 6.8664, 92.4203
216.008, 7.05266, 78.8709
216.206, 7.44699, 66.5763
216.403, 8.03554, 56.3771
216.597, 8.81973, 47.9684
216.793, 9.83568, 40.9015
216.995, 11.1505, 34.8729
217.208, 12.884, 29.6578
217.443, 15.2867, 25.0444
217.699, 18.6252, 21.1313
217.923, 22.2763, 18.5156
218.14, 26.656, 16.5634
218.351, 31.8365, 15.1691
218.558, 37.9968, 14.2439
218.768, 45.4909, 13.7535
218.98, 54.6351, 13.7491
219.182, 65.0319, 14.2993
219.367, 76.1164, 15.421
219.538, 87.7977, 17.1889
219.699, 100.176, 19.8089
219.855, 113.237, 23.6452
219.981, 124.33, 28.1136
220.105, 135.414, 34.2613
220.218, 145.273, 42.0459
220.322, 153.503, 51.6297
220.419, 159.988, 63.5134
220.512, 164.456, 78.4415
220.607, 166.387, 97.588
220.707, 164.744, 123.13
220.8, 159.156, 151.763
220.891, 149.688, 183.622
220.977, 137.469, 215.598
221.061, 123.011, 246.997
221.149, 106.745, 276.704
221.231, 91.3878, 299.952
221.308, 77.8895, 316.261
221.384, 65.7778, 326.889
221.463, 54.7639, 332.205
221.552, 44.5209, 331.888
221.656, 35.107, 324.802
221.757, 28.1716, 312.946
221.851, 23.1968, 298.86
221.946, 19.3472, 282.938
222.046, 16.2591, 265.28
222.153, 13.7631, 246.102
222.266, 11.7956, 226.16
222.382, 10.3085, 206.624
222.5, 9.19563, 187.958
222.62, 8.36087, 170.167
222.745, 7.7407, 153.191
222.877, 7.29595, 136.973
223.017, 7.00468, 121.468
223.168, 6.85908, 106.632
223.334, 6.8664, 92.4204
223.518, 7.05266, 78.871
223.716, 7.44698, 66.5764
223.913, 8.03553, 56.3772
224.107, 8.81973, 47.9685
224.303, 9.83567, 40.9016
224.505, 11.1505, 34.8729
224.718, 12.884, 29.6578
224.953, 15.2867, 25.0444
225.209, 18.6252, 21.1313
225.432, 22.2762, 18.5156
225.65, 26.6559, 16.5634
225.861, 31.8365, 15.1691
226.068, 37.9968, 14.2439
226.278, 45.4909, 13.7535
226.49, 54.635, 13.7491
226.692, 65.0319, 14.2993
226.877, 76.1163, 15.421
227.047, 87.7977, 17.1889
227.209, 100.176, 19.8089
227.365, 113.237, 23.6452
227.491, 124.33, 28.1136
227.615, 135.414, 34.2612
227.728, 145.273, 42.0458
227.832, 153.503, 51.6297
227.928, 159.988, 63.5133
228.022, 164.456, 78.4414
228.117, 166.387, 97.5878
228.217, 164.744, 123.13
228.31, 159.156, 151.762
228.401, 149.688, 183.622
228.487, 137.469, 215.597
228.571, 123.012, 246.997
228.659, 106.745, 276.704
228.741, 91.3879, 299.952
228.818, 77.8896, 316.261
228.894, 65.7779, 326.889
228.973, 54.764, 332.205
229.062, 44.521, 331.888
229.166, 35.107, 324.802
229.267, 28.1716, 312.946
229.361, 23.1968, 298.86
229.456, 19.3472, 282.938
229.556, 16.2591, 265.28
229.663, 13.7632, 246.103
229.776, 11.7956, 226.16
229.892, 10.3085, 206.624
230.01, 9.19563, 187.958
230.13, 8.36087, 170.167
230.255, 7.7407, 153.191
230.387, 7.29595, 136.973
230.527, 7.00467, 121.468
230.678, 6.85908, 106.632
230.844, 6.86639, 92.4205
231.028, 7.05266, 78.8711
231.226, 7.44698, 66.5764
231.423, 8.03553, 56.3772
231.617, 8.81972, 47.9685
231.813, 9.83566, 40.9016
232.015, 11.1505, 34.8729
232.228, 12.884, 29.6578
232.463, 15.2867, 25.0444
232.719, 18.6252, 21.1313
232.942, 22.2762, 18.5156
233.16, 26.6559, 16.5634
233.371, 31.8364, 15.1692
233.578, 37.9967, 14.2439
233.788, 45.4908, 13.7535
234, 54.635, 13.7491
234.202, 65.0318, 14.2992
234.387, 76.1163, 15.421
234.557, 87.7976, 17.1889
234.719, 100.175, 19.8089
234.875, 113.237, 23.6452
235.001, 124.33, 28.1135
235.125, 135.414, 34.2612
235.238, 145.273, 42.0457
235.342, 153.503, 51.6296
235.438, 159.988, 63.5132
235.532, 164.456, 78.4412
235.627, 166.387, 97.5876
235.727, 164.744, 123.13
235.82, 159.156, 151.762
235.911, 149.688, 183.622
235.997, 137.469, 215.597
236.081, 123.012, 246.996
236.169, 106.745, 276.703
236.251, 91.388, 299.952
236.328, 77.8897, 316.261
236.404, 65.778, 326.889
236.483, 54.7641, 332.205
236.572, 44.5211, 331.889
236.676, 35.1071, 324.802
236.777, 28.1716, 312.946
236.871, 23.1968, 298.86
236.966, 19.3472, 282.938
237.066, 16.2591, 265.28
237.173, 13.7632, 246.103
237.286, 11.7956, 226.16
237.402, 10.3085, 206.624
237.52, 9.19563, 187.958
237.64, 8.36087, 170.167
237.765, 7.7407, 153.191
237.897, 7.29595, 136.973
238.037, 7.00467, 121.468
238.188, 6.85907, 106.632
238.354, 6.86639, 92.4205
238.538, 7.05265, 78.8711
238.736, 7.44697, 66.5765
238.933, 8.03552, 56.3772
239.127, 8.81971, 47.9685
239.323, 9.83565, 40.9016
239.525, 11.1505, 34.873
239.738, 12.884, 29.6579
239.973, 15.2866, 25.0445
240.229, 18.6252, 21.1313
240.452, 22.2762, 18.5157
240.67, 26.6559, 16.5634
240.881, 31.8364, 15.1692
241.088, 37.9967, 14.2439
241.297, 45.4908, 13.7535
241.51, 54.6349, 13.7491
241.712, 65.0317, 14.2992
241.897, 76.1162, 15.4209
242.067, 87.7975, 17.1888
242.229, 100.175, 19.8088
242.385, 113.236, 23.6451
242.511, 124.33, 28.1135
242.635, 135.414, 34.2611
242.748, 145.273, 42.0457
242.852, 153.503, 51.6295
242.948, 159.988, 63.513
243.042, 164.456, 78.4411
243.137, 166.387, 97.5874
243.237, 164.744, 123.129
243.33, 159.156, 151.762
243.421, 149.688, 183.622
243.507, 137.469, 215.597
243.591, 123.012, 246.996
243.679, 106.745, 276.703
243.761, 91.3881, 299.952
243.838, 77.8898, 316.261
243.914, 65.7781, 326.889
243.993, 54.7642, 332.205
244.082, 44.5211, 331.889
244.186, 35.1071, 324.802
244.287, 28.1716, 312.946
244.381, 23.1968, 298.86
244.476, 19.3473, 282.938
244.576, 16.2591, 265.281
244.683, 13.7632, 246.103
244.796, 11.7956, 226.16
244.912, 10.3085, 206.624
245.03, 9.19563, 187.958
245.15, 8.36087, 170.167
245.275, 7.7407, 153.191
245.407, 7.29595, 136.973
245.547, 7.00467, 121.468
245.698, 6.85907, 106.632
245.864, 6.86639, 92.4206
246.048, 7.05265, 78.8712
246.246, 7.44697, 66.5765
246.443, 8.03552, 56.3773
246.637, 8.8197, 47.9686
246.833, 9.83564, 40.9017
247.035, 11.1505, 34.873
247.248, 12.884, 29.6579
247.483, 15.2866, 25.0445
247.739, 18.6252, 21.1314
247.962, 22.2762, 18.5157
248.18, 26.6558, 16.5634
248.391, 31.8364, 15.1692
248.598, 37.9966, 14.2439
248.807, 45.4907, 13.7535
249.02, 54.6348, 13.7491
249.222, 65.0316, 14.2992
249.407, 76.1161, 15.4209
249.577, 87.7974, 17.1888
249.739, 100.175, 19.8088
249.895, 113.236, 23.6451
250.021, 124.33, 28.1134
250.145, 135.414, 34.2611
250.258, 145.273, 42.0456
250.362, 153.503, 51.6294
250.458, 159.988, 63.5129
250.552, 164.456, 78.441
250.647, 166.387, 97.5873
250.747, 164.744, 123.129
250.84, 159.156, 151.762
250.931, 149.688, 183.621
251.017, 137.47, 215.597
251.101, 123.012, 246.996
251.189, 106.745, 276.703
251.271, 91.3883, 299.952
251.348, 77.8899, 316.261
251.424, 65.7782, 326.889
251.503, 54.7643, 332.205
251.592, 44.5212, 331.889
251.696, 35.1072, 324.802
251.797, 28.1717, 312.946
251.891, 23.1968, 298.86
251.986, 19.3473, 282.938
252.086, 16.2591, 265.281
252.193, 13.7632, 246.103
252.306, 11.7956, 226.16
252.422, 10.3085, 206.625
252.54, 9.19563, 187.958
252.66, 8.36087, 170.167
252.785, 7.7407, 153.191
252.917, 7.29595, 136.973
253.057, 7.00467, 121.468
253.208, 6.85907, 106.632
253.374, 6.86638, 92.4207
253.558, 7.05264, 78.8713
253.756, 7.44696, 66.5766
253.953, 8.03551, 56.3773
254.147, 8.8197, 47.9686
254.343, 9.83563, 40.9017
254.545, 11.1504, 34.873
254.758, 12.884, 29.6579
254.993, 15.2866, 25.0445
255.249, 18.6251, 21.1314
255.472, 22.2761, 18.5157
255.69, 26.6558, 16.5634
255.901, 31.8363, 15.1692
256.108, 37.9966, 14.2439
256.317, 45.4907, 13.7535
256.53, 54.6348, 13.749
256.732, 65.0316, 14.2992
256.917, 76.116, 15.4209
257.087, 87.7974, 17.1888
257.249, 100.175, 19.8088
257.405, 113.236, 23.6451
257.531, 124.33, 28.1134
257.655, 135.414, 34.261
257.768, 145.273, 42.0455
257.871, 153.503, 51.6293
257.968, 159.988, 63.5128
258.062, 164.456, 78.4408
258.157, 166.387, 97.5871
258.257, 164.744, 123.129
258.35, 159.156, 151.761
258.441, 149.688, 183.621
258.527, 137.47, 215.596
258.611, 123.012, 246.996
258.699, 106.745, 276.703
258.781, 91.3884, 299.952
258.858, 77.89, 316.261
258.934, 65.7782, 326.889
259.013, 54.7644, 332.205
259.102, 44.5213, 331.889
259.206, 35.1072, 324.803
259.307, 28.1717, 312.946
259.401, 23.1968, 298.86
259.496, 19.3473, 282.938
259.596, 16.2592, 265.281
259.703, 13.7632, 246.103
259.816, 11.7956, 226.161
259.932, 10.3085, 206.625
260.05, 9.19563, 187.958
260.17, 8.36087, 170.167
260.295, 7.7407, 153.191
260.427, 7.29595, 136.973
260.567, 7.00467, 121.468
260.718, 6.85907, 106.632
260.884, 6.86638, 92.4207
261.068, 7.05264, 78.8713
261.266, 7.44696, 66.5766
261.463, 8.0355, 56.3774
261.657, 8.81969, 47.9686
261.853, 9.83563, 40.9017
262.055, 11.1504, 34.873
262.268, 12.884, 29.6579
262.503, 15.2866, 25.0445
262.759, 18.6251, 21.1314
262.982, 22.2761, 18.5157
263.2, 26.6558, 16.5634
263.411, 31.8363, 15.1692
263.618, 37.9966, 14.2439
263.827, 45.4906, 13.7535
264.04, 54.6347, 13.749
264.242, 65.0315, 14.2992
264.427, 76.116, 15.4209
264.597, 87.7973, 17.1888
264.759, 100.175, 19.8087
264.915, 113.236, 23.645
265.041, 124.33, 28.1133
265.165, 135.414, 34.261
265.278, 145.273, 42.0455
265.381, 153.503, 51.6292
265.478, 159.988, 63.5127
265.572, 164.456, 78.4407
265.667, 166.387, 97.5869
265.767, 164.744, 123.129
265.86, 159.157, 151.761
265.951, 149.688, 183.621
266.037, 137.47, 215.596
266.121, 123.012, 246.996
266.209, 106.746, 276.703
266.291, 91.3885, 299.952
266.367, 77.8901, 316.261
266.444, 65.7783, 326.889
266.523, 54.7644, 332.205
266.612, 44.5214, 331.889
266.716, 35.1073, 324.803
266.817, 28.1717, 312.946
266.911, 23.1968, 298.86
267.006, 19.3473, 282.938
267.106, 16.2592, 265.281
267.213, 13.7632, 246.103
267.326, 11.7956, 226.161
267.442, 10.3085, 206.625
267.559, 9.19564, 187.958
267.68, 8.36087, 170.167
267.805, 7.7407, 153.191
267.937, 7.29595, 136.973
268.077, 7.00467, 121.468
268.228, 6.85907, 106.632
268.394, 6.86638, 92.4208
268.578, 7.05264, 78.8714
268.776, 7.44695, 66.5767
268.973, 8.0355, 56.3774
269.167, 8.81968, 47.9687
269.363, 9.83562, 40.9018
269.565, 11.1504, 34.8731
269.778, 12.8839, 29.658
270.013, 15.2866, 25.0445
270.269, 18.6251, 21.1314
270.492, 22.2761, 18.5157
270.71, 26.6558, 16.5634
270.921, 31.8363, 15.1692
271.128, 37.9965, 14.2439
271.337, 45.4906, 13.7535
271.55, 54.6346, 13.749
271.752, 65.0314, 14.2992
271.937, 76.1159, 15.4209
272.107, 87.7972, 17.1888
272.269, 100.175, 19.8087
272.425, 113.236, 23.645
272.551, 124.33, 28.1133
272.675, 135.414, 34.2609
272.788, 145.273, 42.0454
272.891, 153.503, 51.6291
272.988, 159.988, 63.5126
273.082, 164.456, 78.4405
273.177, 166.387, 97.5867
273.277, 164.744, 123.128
273.37, 159.157, 151.761
273.461, 149.688, 183.621
273.547, 137.47, 215.596
273.631, 123.012, 246.995
273.719, 106.746, 276.703
273.801, 91.3886, 299.952
273.877, 77.8902, 316.261
273.954, 65.7784, 326.889
274.033, 54.7645, 332.205
274.122, 44.5214, 331.889
274.226, 35.1073, 324.803
274.326, 28.1717, 312.946
274.421, 23.1969, 298.86
274.516, 19.3473, 282.938
274.616, 16.2592, 265.281
274.723, 13.7632, 246.103
274.836, 11.7956, 226.161
274.952, 10.3085, 206.625
275.069, 9.19564, 187.958
275.19, 8.36087, 170.168
275.315, 7.7407, 153.191
275.447, 7.29595, 136.973
275.587, 7.00467, 121.468
275.738, 6.85906, 106.632
275.904, 6.86638, 92.4209
276.088, 7.05263, 78.8715
276.286, 7.44695, 66.5767
276.483, 8.03549, 56.3775
276.677, 8.81967, 47.9687
276.873, 9.83561, 40.9018
277.075, 11.1504, 34.8731
277.288, 12.8839, 29.658
277.523, 15.2865, 25.0446
277.779, 18.6251, 21.1314
278.002, 22.2761, 18.5157
278.22, 26.6557, 16.5634
278.431, 31.8362, 15.1692
278.638, 37.9965, 14.2439
278.847, 45.4905, 13.7535
279.06, 54.6346, 13.749
279.262, 65.0314, 14.2992
279.447, 76.1158, 15.4209
279.617, 87.7971, 17.1887
279.779, 100.175, 19.8087
279.935, 113.236, 23.6449
280.061, 124.33, 28.1132
280.185, 135.414, 34.2608
280.298, 145.273, 42.0453
280.401, 153.503, 51.6291
280.498, 159.988, 63.5125
280.592, 164.456, 78.4404
280.687, 166.387, 97.5865
280.787, 164.744, 123.128
280.88, 159.157, 151.761
280.971, 149.688, 183.62
281.057, 137.47, 215.596
281.141, 123.013, 246.995
281.229, 106.746, 276.702
281.311, 91.3887, 299.952
281.387, 77.8903, 316.261
281.464, 65.7785, 326.889
281.543, 54.7646, 332.205
281.632, 44.5215, 331.889
281.736, 35.1074, 324.803
281.836, 28.1717, 312.946
281.931, 23.1969, 298.86
282.026, 19.3473, 282.938
282.126, 16.2592, 265.281
282.233, 13.7632, 246.103
282.346, 11.7956, 226.161
282.462, 10.3085, 206.625
282.579, 9.19564, 187.958
282.7, 8.36087, 170.168
282.825, 7.7407, 153.191
282.957, 7.29595, 136.973
283.097, 7.00466, 121.469
283.248, 6.85906, 106.632
283.414, 6.86637, 92.421
283.598, 7.05263, 78.8715
283.796, 7.44694, 66.5768
283.993, 8.03548, 56.3775
284.187, 8.81966, 47.9688
284.383, 9.8356, 40.9018
284.584, 11.1504, 34.8731
284.798, 12.8839, 29.658
285.033, 15.2865, 25.0446
285.289, 18.625, 21.1314
285.512, 22.276, 18.5157
285.73, 26.6557, 16.5635
285.941, 31.8362, 15.1692
286.148, 37.9964, 14.2439
286.357, 45.4905, 13.7535
286.57, 54.6345, 13.749
286.772, 65.0313, 14.2992
286.957, 76.1157, 15.4209
287.127, 87.7971, 17.1887
287.289, 100.175, 19.8087
287.445, 113.236, 23.6449
287.571, 124.329, 28.1132
287.695, 135.414, 34.2608
287.808, 145.273, 42.0453
287.911, 153.503, 51.629
288.008, 159.988, 63.5124
288.102, 164.456, 78.4403
288.197, 166.387, 97.5864
288.297, 164.744, 123.128
288.39, 159.157, 151.76
288.481, 149.689, 183.62
288.566, 137.47, 215.596
288.651, 123.013, 246.995
288.739, 106.746, 276.702
288.821, 91.3888, 299.951
288.897, 77.8904, 316.261
288.974, 65.7786, 326.889
289.053, 54.7647, 332.205
289.142, 44.5216, 331.889
289.246, 35.1074, 324.803
289.346, 28.1718, 312.946
289.441, 23.1969, 298.86
289.536, 19.3473, 282.938
289.636, 16.2592, 265.281
289.743, 13.7632, 246.103
289.856, 11.7956, 226.161
289.972, 10.3085, 206.625
290.089, 9.19564, 187.959
290.21, 8.36087, 170.168
290.335, 7.7407, 153.191
290.467, 7.29595, 136.974
290.607, 7.00466, 121.469
290.758, 6.85906, 106.633
290.924, 6.86637, 92.421
291.108, 7.05262, 78.8716
291.306, 7.44694, 66.5769
291.503, 8.03548, 56.3776
291.697, 8.81966, 47.9688
291.893, 9.83559, 40.9019
292.094, 11.1504, 34.8732
292.308, 12.8839, 29.658
292.543, 15.2865, 25.0446
292.799, 18.625, 21.1314
293.022, 22.276, 18.5157
293.24, 26.6557, 16.5635
293.451, 31.8361, 15.1692
293.658, 37.9964, 14.2439
293.867, 45.4904, 13.7535
294.08, 54.6344, 13.749
294.282, 65.0312, 14.2992
294.467, 76.1157, 15.4208
294.637, 87.797, 17.1887
294.799, 100.175, 19.8086
294.955, 113.236, 23.6449
295.081, 124.329, 28.1132
295.205, 135.414, 34.2607
295.318, 145.273, 42.0452
295.421, 153.503, 51.6289
295.518, 159.988, 63.5123
295.612, 164.456, 78.4401
295.707, 166.387, 97.5862
295.807, 164.744, 123.128
295.9, 159.157, 151.76
295.991, 149.689, 183.62
296.076, 137.47, 215.595
296.161, 123.013, 246.995
296.248, 106.746, 276.702
296.331, 91.3889, 299.951
296.407, 77.8905, 316.261
296.484, 65.7787, 326.889
296.563, 54.7648, 332.205
296.652, 44.5217, 331.889
296.756, 35.1075, 324.803
296.856, 28.1718, 312.947
296.951, 23.1969, 298.861
297.046, 19.3473, 282.939
297.146, 16.2592, 265.281
297.253, 13.7632, 246.104
297.366, 11.7956, 226.161
297.482, 10.3085, 206.625
297.599, 9.19564, 187.959
297.72, 8.36087, 170.168
297.845, 7.7407, 153.191
297.977, 7.29595, 136.974
298.117, 7.00466, 121.469
298.268, 6.85906, 106.633
298.434, 6.86637, 92.4211
298.618, 7.05262, 78.8716
298.816, 7.44693, 66.5769
299.013, 8.03547, 56.3776
299.207, 8.81965, 47.9688
299.403, 9.83558, 40.9019
299.604, 11.1504, 34.8732
299.817, 12.8839, 29.6581
300.053, 15.2865, 25.0446
300.309, 18.625, 21.1314
300.532, 22.276, 18.5157
300.75, 26.6556, 16.5635
300.961, 31.8361, 15.1692
301.168, 37.9963, 14.2439
301.377, 45.4903, 13.7535
301.59, 54.6344, 13.749
301.792, 65.0312, 14.2992
301.977, 76.1156, 15.4208
302.147, 87.7969, 17.1887
302.309, 100.175, 19.8086
302.465, 113.236, 23.6448
302.591, 124.329, 28.1131
302.715, 135.414, 34.2607
302.828, 145.273, 42.0451
302.931, 153.503, 51.6288
303.028, 159.988, 63.5122
303.122, 164.456, 78.44
303.217, 166.387, 97.586
303.317, 164.744, 123.127
303.41, 159.157, 151.76
303.501, 149.689, 183.62
303.586, 137.47, 215.595
303.671, 123.013, 246.995
303.758, 106.746, 276.702
303.841, 91.3891, 299.951
303.917, 77.8906, 316.261
303.993, 65.7788, 326.889
304.073, 54.7648, 332.205
304.162, 44.5218, 331.889
304.266, 35.1075, 324.803
304.366, 28.1718, 312.947
304.461, 23.1969, 298.861
304.556, 19.3473, 282.939
304.656, 16.2592, 265.281
304.763, 13.7632, 246.104
304.876, 11.7956, 226.161
304.992, 10.3085, 206.625
305.109, 9.19564, 187.959
305.23, 8.36087, 170.168
305.355, 7.7407, 153.192
305.487, 7.29595, 136.974
305.627, 7.00466, 121.469
305.778, 6.85906, 106.633
305.944, 6.86636, 92.4212
306.128, 7.05262, 78.8717
306.326, 7.44693, 66.577
306.523, 8.03546, 56.3777
306.717, 8.81964, 47.9689
306.913, 9.83557, 40.9019
307.114, 11.1504, 34.8732
307.327, 12.8839, 29.6581
307.563, 15.2865, 25.0447
307.819, 18.625, 21.1315
308.042, 22.276, 18.5157
308.26, 26.6556, 16.5635
308.471, 31.8361, 15.1692
308.678, 37.9963, 14.2439
308.887, 45.4903, 13.7535
309.1, 54.6343, 13.749
309.302, 65.0311, 14.2991
309.487, 76.1155, 15.4208
309.657, 87.7968, 17.1887
309.819, 100.175, 19.8086
309.975, 113.236, 23.6448
310.101, 124.329, 28.1131
310.225, 135.414, 34.2606
310.338, 145.273, 42.0451
310.441, 153.503, 51.6287
310.538, 159.988, 63.5121
310.632, 164.456, 78.4399
310.727, 166.387, 97.5858
310.827, 164.744, 123.127
310.92, 159.157, 151.76
311.011, 149.689, 183.62
311.096, 137.47, 215.595
311.181, 123.013, 246.994
311.268, 106.746, 276.702
311.351, 91.3892, 299.951
311.427, 77.8907, 316.261
311.503, 65.7789, 326.889
311.583, 54.7649, 332.205
311.672, 44.5218, 331.889
311.776, 35.1075, 324.803
311.876, 28.1718, 312.947
311.971, 23.1969, 298.861
312.066, 19.3474, 282.939
312.165, 16.2592, 265.282
312.273, 13.7632, 246.104
312.386, 11.7956, 226.161
312.502, 10.3085, 206.625
312.619, 9.19564, 187.959
312.74, 8.36087, 170.168
312.865, 7.7407, 153.192
312.997, 7.29595, 136.974
313.137, 7.00466, 121.469
313.288, 6.85905, 106.633
313.454, 6.86636, 92.4212
313.638, 7.05261, 78.8718
313.836, 7.44692, 66.577
314.033, 8.03546, 56.3777
314.227, 8.81963, 47.9689
314.423, 9.83556, 40.902
314.624, 11.1504, 34.8732
314.837, 12.8838, 29.6581
315.073, 15.2864, 25.0447
315.329, 18.6249, 21.1315
315.552, 22.2759, 18.5157
315.77, 26.6556, 16.5635
315.981, 31.836, 15.1692
316.188, 37.9962, 14.2439
316.397, 45.4902, 13.7535
316.609, 54.6342, 13.749
316.812, 65.031, 14.2991
316.997, 76.1154, 15.4208
317.167, 87.7968, 17.1886
317.329, 100.175, 19.8086
317.485, 113.236, 23.6448
317.611, 124.329, 28.113
317.735, 135.414, 34.2606
317.848, 145.273, 42.045
317.951, 153.503, 51.6286
318.048, 159.988, 63.512
318.142, 164.456, 78.4397
318.237, 166.387, 97.5856
318.337, 164.745, 123.127
318.43, 159.157, 151.759
318.521, 149.689, 183.619
318.606, 137.471, 215.595
318.691, 123.013, 246.994
318.778, 106.746, 276.702
318.861, 91.3893, 299.951
318.937, 77.8908, 316.261
319.013, 65.779, 326.889
319.093, 54.765, 332.205
319.182, 44.5219, 331.889
319.286, 35.1076, 324.803
319.386, 28.1718, 312.947
319.481, 23.1969, 298.861
319.576, 19.3474, 282.939
319.675, 16.2592, 265.282
319.783, 13.7632, 246.104
319.896, 11.7956, 226.161
320.012, 10.3085, 206.625
320.129, 9.19565, 187.959
320.25, 8.36087, 170.168
320.375, 7.7407, 153.192
320.507, 7.29594, 136.974
320.647, 7.00466, 121.469
320.798, 6.85905, 106.633
320.964, 6.86636, 92.4213
321.148, 7.05261, 78.8718
321.346, 7.44692, 66.5771
321.543, 8.03545, 56.3777
321.737, 8.81963, 47.9689
321.933, 9.83555, 40.902
322.134, 11.1503, 34.8733
322.347, 12.8838, 29.6581
322.582, 15.2864, 25.0447
322.839, 18.6249, 21.1315
323.062, 22.2759, 18.5157
323.28, 26.6555, 16.5635
323.491, 31.836, 15.1692
323.698, 37.9962, 14.2439
323.907, 45.4902, 13.7535
324.119, 54.6342, 13.749
324.322, 65.0309, 14.2991
324.507, 76.1154, 15.4208
324.677, 87.7967, 17.1886
324.839, 100.174, 19.8085
324.995, 113.236, 23.6447
325.121, 124.329, 28.113
325.245, 135.414, 34.2605
325.358, 145.272, 42.0449
325.461, 153.503, 51.6286
325.558, 159.988, 63.5119
325.652, 164.456, 78.4396
325.746, 166.387, 97.5855
325.847, 164.745, 123.127
325.94, 159.157, 151.759
326.031, 149.689, 183.619
326.116, 137.471, 215.595
326.201, 123.013, 246.994
326.288, 106.747, 276.701
326.371, 91.3894, 299.951
326.447, 77.8909, 316.261
326.523, 65.779, 326.889
326.603, 54.7651, 332.205
326.692, 44.522, 331.889
326.796, 35.1076, 324.804
326.896, 28.1719, 312.947
326.991, 23.197, 298.861
327.086, 19.3474, 282.939
327.185, 16.2592, 265.282
327.293, 13.7632, 246.104
327.406, 11.7956, 226.162
327.522, 10.3085, 206.626
327.639, 9.19565, 187.959
327.76, 8.36087, 170.168
327.885, 7.7407, 153.192
328.017, 7.29594, 136.974
328.157, 7.00466, 121.469
328.308, 6.85905, 106.633
328.474, 6.86636, 92.4214
328.658, 7.0526, 78.8719
328.856, 7.44691, 66.5771
329.053, 8.03545, 56.3778
329.247, 8.81962, 47.969
329.443, 9.83554, 40.902
329.644, 11.1503, 34.8733
329.857, 12.8838, 29.6582
330.092, 15.2864, 25.0447
330.349, 18.6249, 21.1315
330.572, 22.2759, 18.5157
330.79, 26.6555, 16.5635
331.001, 31.836, 15.1692
331.208, 37.9962, 14.2439
331.417, 45.4901, 13.7535
331.629, 54.6341, 13.749
331.832, 65.0309, 14.2991
332.017, 76.1153, 15.4208
332.187, 87.7966, 17.1886
332.349, 100.174, 19.8085
332.505, 113.236, 23.6447
332.631, 124.329, 28.1129
332.755, 135.413, 34.2605
332.868, 145.272, 42.0449
332.971, 153.503, 51.6285
333.068, 159.988, 63.5118
333.162, 164.456, 78.4395
333.256, 166.387, 97.5853
333.357, 164.745, 123.126
333.45, 159.157, 151.759
333.541, 149.689, 183.619
333.626, 137.471, 215.594
333.711, 123.013, 246.994
333.798, 106.747, 276.701
333.881, 91.3895, 299.951
333.957, 77.891, 316.261
334.033, 65.7791, 326.889
334.113, 54.7652, 332.205
334.202, 44.5221, 331.889
334.306, 35.1077, 324.804
334.406, 28.1719, 312.947
334.501, 23.197, 298.861
334.596, 19.3474, 282.939
334.695, 16.2592, 265.282
334.802, 13.7633, 246.104
334.916, 11.7956, 226.162
335.032, 10.3085, 206.626
335.149, 9.19565, 187.959
335.27, 8.36088, 170.168
335.395, 7.7407, 153.192
335.527, 7.29594, 136.974
335.667, 7.00465, 121.469
335.818, 6.85905, 106.633
335.984, 6.86635, 92.4214
336.168, 7.0526, 78.872
336.366, 7.44691, 66.5772
336.563, 8.03544, 56.3778
336.757, 8.81961, 47.969
336.953, 9.83553, 40.9021
337.154, 11.1503, 34.8733
337.367, 12.8838, 29.6582
337.602, 15.2864, 25.0448
337.859, 18.6249, 21.1315
338.082, 22.2759, 18.5158
338.3, 26.6555, 16.5635
338.511, 31.8359, 15.1692
338.718, 37.9961, 14.2439
338.927, 45.4901, 13.7535
339.139, 54.634, 13.749
339.342, 65.0308, 14.2991
339.527, 76.1152, 15.4208
339.697, 87.7965, 17.1886
339.859, 100.174, 19.8085
340.015, 113.235, 23.6446
340.141, 124.329, 28.1129
340.265, 135.413, 34.2604
340.378, 145.272, 42.0448
340.481, 153.503, 51.6284
340.578, 159.988, 63.5117
340.672, 164.456, 78.4393
340.766, 166.387, 97.5851
340.867, 164.745, 123.126
340.96, 159.157, 151.759
341.051, 149.689, 183.619
341.136, 137.471, 215.594
341.221, 123.014, 246.994
341.308, 106.747, 276.701
341.391, 91.3896, 299.951
341.467, 77.8911, 316.261
341.543, 65.7792, 326.889
341.623, 54.7652, 332.205
341.712, 44.5221, 331.89
341.816, 35.1077, 324.804
341.916, 28.1719, 312.947
342.011, 23.197, 298.861
342.106, 19.3474, 282.939
342.205, 16.2593, 265.282
342.312, 13.7633, 246.104
342.426, 11.7956, 226.162
342.542, 10.3085, 206.626
342.659, 9.19565, 187.959
342.78, 8.36088, 170.168
342.905, 7.7407, 153.192
343.037, 7.29594, 136.974
343.177, 7.00465, 121.469
343.328, 6.85904, 106.633
343.494, 6.86635, 92.4215
343.678, 7.0526, 78.872
343.876, 7.4469, 66.5772
344.073, 8.03543, 56.3779
344.267, 8.8196, 47.9691
344.463, 9.83552, 40.9021
344.664, 11.1503, 34.8734
344.877, 12.8838, 29.6582
345.112, 15.2863, 25.0448
345.369, 18.6249, 21.1315
345.592, 22.2758, 18.5158
345.81, 26.6554, 16.5635
346.021, 31.8359, 15.1692
346.228, 37.9961, 14.2439
346.437, 45.49, 13.7535
346.649, 54.634, 13.749
346.852, 65.0307, 14.2991
347.037, 76.1152, 15.4207
347.207, 87.7965, 17.1886
347.369, 100.174, 19.8084
347.525, 113.235, 23.6446
347.651, 124.329, 28.1128
347.775, 135.413, 34.2603
347.888, 145.272, 42.0447
347.991, 153.503, 51.6283
348.088, 159.988, 63.5116
348.182, 164.456, 78.4392
348.276, 166.387, 97.5849
348.377, 164.745, 123.126
348.47, 159.157, 151.758
348.561, 149.689, 183.618
348.646, 137.471, 215.594
348.731, 123.014, 246.993
348.818, 106.747, 276.701
348.901, 91.3897, 299.951
348.977, 77.8912, 316.26
349.053, 65.7793, 326.889
349.133, 54.7653, 332.205
349.222, 44.5222, 331.89
349.326, 35.1078, 324.804
349.426, 28.1719, 312.947
349.521, 23.197, 298.861
349.616, 19.3474, 282.939
349.715, 16.2593, 265.282
349.822, 13.7633, 246.104
349.936, 11.7957, 226.162
350.052, 10.3085, 206.626
350.169, 9.19565, 187.959
350.29, 8.36088, 170.168
350.415, 7.7407, 153.192
350.547, 7.29594, 136.974
350.687, 7.00465, 121.469
350.838, 6.85904, 106.633
351.004, 6.86635, 92.4216
351.188, 7.05259, 78.8721
351.386, 7.4469, 66.5773
351.583, 8.03543, 56.3779
351.777, 8.81959, 47.9691
351.973, 9.83551, 40.9021
352.174, 11.1503, 34.8734
352.387, 12.8838, 29.6582
352.622, 15.2863, 25.0448
352.879, 18.6248, 21.1315
353.102, 22.2758, 18.5158
353.32, 26.6554, 16.5635
353.531, 31.8359, 15.1692
353.738, 37.996, 14.2439
353.947, 45.49, 13.7535
354.159, 54.6339, 13.749
354.362, 65.0307, 14.2991
354.547, 76.1151, 15.4207
354.717, 87.7964, 17.1885
354.879, 100.174, 19.8084
355.035, 113.235, 23.6446
355.161, 124.329, 28.1128
355.285, 135.413, 34.2603
355.398, 145.272, 42.0447
355.501, 153.503, 51.6282
355.598, 159.988, 63.5115
355.692, 164.456, 78.439
355.786, 166.387, 97.5848
355.887, 164.745, 123.126
355.98, 159.158, 151.758
356.071, 149.689, 183.618
356.156, 137.471, 215.594
356.241, 123.014, 246.993
356.328, 106.747, 276.701
356.411, 91.3898, 299.95
356.487, 77.8913, 316.26
356.563, 65.7794, 326.889
356.643, 54.7654, 332.205
356.732, 44.5223, 331.89
356.836, 35.1078, 324.804
356.936, 28.1719, 312.947
357.031, 23.197, 298.861
357.126, 19.3474, 282.939
357.225, 16.2593, 265.282
357.332, 13.7633, 246.104
357.446, 11.7957, 226.162
357.562, 10.3085, 206.626
357.679, 9.19565, 187.959
357.8, 8.36088, 170.169
357.925, 7.7407, 153.192
358.057, 7.29594, 136.974
358.197, 7.00465, 121.469
358.348, 6.85904, 106.633
358.514, 6.86634, 92.4216
358.698, 7.05259, 78.8722
358.896, 7.44689, 66.5774
359.093, 8.03542, 56.378
359.287, 8.81959, 47.9691
359.483, 9.8355, 40.9022
359.684, 11.1503, 34.8734
359.897, 12.8837, 29.6583
360.132, 15.2863, 25.0448
360.389, 18.6248, 21.1315
360.612, 22.2758, 18.5158
360.83, 26.6554, 16.5635
361.041, 31.8358, 15.1692
361.248, 37.996, 14.2439
361.457, 45.4899, 13.7535
361.669, 54.6338, 13.749
361.872, 65.0306, 14.2991
362.057, 76.115, 15.4207
362.227, 87.7963, 17.1885
362.389, 100.174, 19.8084
362.545, 113.235, 23.6445
362.671, 124.329, 28.1127
362.795, 135.413, 34.2602
362.908, 145.272, 42.0446
363.011, 153.503, 51.6281
363.108, 159.988, 63.5113
363.202, 164.456, 78.4389
363.296, 166.387, 97.5846
363.397, 164.745, 123.125
363.49, 159.158, 151.758
363.581, 149.69, 183.618
363.666, 137.471, 215.594
363.751, 123.014, 246.993
363.838, 106.747, 276.701
363.921, 91.39, 299.95
363.997, 77.8914, 316.26
364.073, 65.7795, 326.889
364.153, 54.7655, 332.205
364.242, 44.5224, 331.89
364.346, 35.1079, 324.804
364.446, 28.1719, 312.947
364.54, 23.197, 298.861
364.635, 19.3474, 282.939
364.735, 16.2593, 265.282
364.842, 13.7633, 246.105
364.956, 11.7957, 226.162
365.072, 10.3085, 206.626
365.189, 9.19566, 187.96
365.31, 8.36088, 170.169
365.435, 7.7407, 153.192
365.567, 7.29594, 136.974
365.707, 7.00465, 121.469
365.858, 6.85904, 106.633
366.024, 6.86634, 92.4217
366.208, 7.05258, 78.8722
366.406, 7.44689, 66.5774
366.603, 8.03541, 56.378
366.797, 8.81958, 47.9692
366.993, 9.83549, 40.9022
367.194, 11.1503, 34.8734
367.407, 12.8837, 29.6583
367.642, 15.2863, 25.0448
367.899, 18.6248, 21.1316
368.122, 22.2758, 18.5158
368.34, 26.6554, 16.5635
368.551, 31.8358, 15.1692
368.758, 37.9959, 14.2439
368.967, 45.4899, 13.7535
369.179, 54.6338, 13.7489
369.382, 65.0305, 14.2991
369.567, 76.1149, 15.4207
369.737, 87.7962, 17.1885
369.899, 100.174, 19.8084
370.055, 113.235, 23.6445
370.181, 124.329, 28.1127
370.305, 135.413, 34.2602
370.418, 145.272, 42.0445
370.521, 153.503, 51.6281
370.618, 159.988, 63.5112
370.712, 164.456, 78.4388
370.806, 166.387, 97.5844
370.907, 164.745, 123.125
371, 159.158, 151.758
371.091, 149.69, 183.618
371.176, 137.471, 215.593
371.261, 123.014, 246.993
371.348, 106.747, 276.7
371.431, 91.3901, 299.95
371.507, 77.8915, 316.26
371.583, 65.7796, 326.889
371.663, 54.7656, 332.205
371.752, 44.5224, 331.89
371.856, 35.1079, 324.804
371.956, 28.172, 312.947
372.05, 23.197, 298.861
372.145, 19.3474, 282.94
372.245, 16.2593, 265.282
372.352, 13.7633, 246.105
372.466, 11.7957, 226.162
372.582, 10.3085, 206.626
372.699, 9.19566, 187.96
372.82, 8.36088, 170.169
372.945, 7.7407, 153.192
373.077, 7.29594, 136.974
373.217, 7.00465, 121.469
373.368, 6.85904, 106.633
373.534, 6.86634, 92.4218
373.718, 7.05258, 78.8723
373.916, 7.44688, 66.5775
374.113, 8.03541, 56.3781
374.307, 8.81957, 47.9692
374.503, 9.83548, 40.9022
374.704, 11.1503, 34.8735
374.917, 12.8837, 29.6583
375.152, 15.2863, 25.0449
375.409, 18.6248, 21.1316
375.632, 22.2757, 18.5158
375.85, 26.6553, 16.5635
376.061, 31.8357, 15.1692
376.268, 37.9959, 14.2439
376.477, 45.4898, 13.7535
376.689, 54.6337, 13.7489
376.892, 65.0304, 14.299
377.077, 76.1149, 15.4207
377.247, 87.7962, 17.1885
377.409, 100.174, 19.8083
377.565, 113.235, 23.6445
377.691, 124.329, 28.1127
377.815, 135.413, 34.2601
377.928, 145.272, 42.0445
378.031, 153.503, 51.628
378.128, 159.988, 63.5111
378.222, 164.456, 78.4386
378.316, 166.387, 97.5842
378.417, 164.745, 123.125
378.51, 159.158, 151.757
378.601, 149.69, 183.618
378.686, 137.471, 215.593
378.771, 123.014, 246.993
378.858, 106.747, 276.7
378.941, 91.3902, 299.95
379.017, 77.8916, 316.26
379.093, 65.7797, 326.889
379.173, 54.7657, 332.205
379.262, 44.5225, 331.89
379.366, 35.108, 324.804
379.466, 28.172, 312.947
379.56, 23.1971, 298.862
379.655, 19.3475, 282.94
379.755, 16.2593, 265.283
379.862, 13.7633, 246.105
379.976, 11.7957, 226.162
380.092, 10.3085, 206.626
380.209, 9.19566, 187.96
380.33, 8.36088, 170.169
380.455, 7.7407, 153.192
380.587, 7.29594, 136.975
380.727, 7.00464, 121.47
380.878, 6.85903, 106.633
381.044, 6.86634, 92.4218
381.228, 7.05258, 78.8724
381.426, 7.44688, 66.5775
381.622, 8.0354, 56.3781
381.817, 8.81956, 47.9693
382.013, 9.83547, 40.9023
382.214, 11.1502, 34.8735
382.427, 12.8837, 29.6583
382.662, 15.2862, 25.0449
382.919, 18.6247, 21.1316
383.142, 22.2757, 18.5158
383.36, 26.6553, 16.5635
383.571, 31.8357, 15.1692
383.778, 37.9959, 14.2439
383.987, 45.4897, 13.7535
384.199, 54.6336, 13.7489
384.402, 65.0304, 14.299
384.587, 76.1148, 15.4207
384.757, 87.7961, 17.1885
384.919, 100.174, 19.8083
385.075, 113.235, 23.6444
385.201, 124.329, 28.1126
385.325, 135.413, 34.2601
385.438, 145.272, 42.0444
385.541, 153.503, 51.6279
385.638, 159.988, 63.511
385.732, 164.456, 78.4385
385.826, 166.387, 97.584
385.927, 164.745, 123.125
386.02, 159.158, 151.757
386.111, 149.69, 183.617
386.196, 137.472, 215.593
386.281, 123.014, 246.992
386.368, 106.748, 276.7
386.45, 91.3903, 299.95
386.527, 77.8917, 316.26
386.603, 65.7798, 326.889
386.683, 54.7657, 332.205
386.772, 44.5226, 331.89
386.876, 35.108, 324.804
386.976, 28.172, 312.948
387.07, 23.1971, 298.862
387.165, 19.3475, 282.94
387.265, 16.2593, 265.283
387.372, 13.7633, 246.105
387.486, 11.7957, 226.162
387.602, 10.3085, 206.626
387.719, 9.19566, 187.96
387.84, 8.36088, 170.169
387.965, 7.7407, 153.192
388.097, 7.29594, 136.975
388.237, 7.00464, 121.47
388.388, 6.85903, 106.633
388.554, 6.86633, 92.4219
388.738, 7.05257, 78.8724
388.936, 7.44687, 66.5776
389.132, 8.03539, 56.3782
389.327, 8.81956, 47.9693
389.522, 9.83546, 40.9023
389.724, 11.1502, 34.8735
389.937, 12.8837, 29.6584
390.172, 15.2862, 25.0449
390.429, 18.6247, 21.1316
390.652, 22.2757, 18.5158
390.869, 26.6553, 16.5635
391.08, 31.8357, 15.1692
391.288, 37.9958, 14.2439
391.497, 45.4897, 13.7535
391.709, 54.6336, 13.7489
391.912, 65.0303, 14.299
392.096, 76.1147, 15.4206
392.267, 87.796, 17.1884
392.429, 100.174, 19.8083
392.585, 113.235, 23.6444
392.711, 124.328, 28.1126
392.835, 135.413, 34.26
392.948, 145.272, 42.0443
393.051, 153.503, 51.6278
393.148, 159.987, 63.5109
393.242, 164.456, 78.4384
393.336, 166.387, 97.5839
393.437, 164.745, 123.124
393.53, 159.158, 151.757
393.621, 149.69, 183.617
393.706, 137.472, 215.593
393.791, 123.014, 246.992
393.878, 106.748, 276.7
393.96, 91.3904, 299.95
394.037, 77.8918, 316.26
394.113, 65.7799, 326.889
394.193, 54.7658, 332.206
394.282, 44.5227, 331.89
394.386, 35.1081, 324.804
394.486, 28.172, 312.948
394.58, 23.1971, 298.862
394.675, 19.3475, 282.94
394.775, 16.2593, 265.283
394.882, 13.7633, 246.105
394.996, 11.7957, 226.163
395.112, 10.3085, 206.626
395.229, 9.19566, 187.96
395.35, 8.36088, 170.169
395.475, 7.7407, 153.193
395.606, 7.29594, 136.975
395.747, 7.00464, 121.47
395.898, 6.85903, 106.634
396.064, 6.86633, 92.422
396.248, 7.05257, 78.8725
396.446, 7.44686, 66.5776
396.642, 8.03539, 56.3782
396.837, 8.81955, 47.9693
397.032, 9.83545, 40.9023
397.234, 11.1502, 34.8736
397.447, 12.8837, 29.6584
397.682, 15.2862, 25.0449
397.939, 18.6247, 21.1316
398.162, 22.2757, 18.5158
398.379, 26.6552, 16.5635
398.59, 31.8356, 15.1692
398.798, 37.9958, 14.2439
399.007, 45.4896, 13.7535
399.219, 54.6335, 13.7489
399.422, 65.0302, 14.299
399.606, 76.1146, 15.4206
399.777, 87.7959, 17.1884
399.939, 100.174, 19.8083
400.095, 113.235, 23.6444
400.221, 124.328, 28.1125
400.345, 135.413, 34.26
400.458, 145.272, 42.0443
400.561, 153.503, 51.6277
400.658, 159.987, 63.5108
400.752, 164.456, 78.4382
400.846, 166.387, 97.5837
400.947, 164.745, 123.124
401.04, 159.158, 151.757
401.131, 149.69, 183.617
401.216, 137.472, 215.592
401.301, 123.015, 246.992
401.388, 106.748, 276.7
401.47, 91.3905, 299.95
401.547, 77.8919, 316.26
401.623, 65.7799, 326.889
401.703, 54.7659, 332.206
401.792, 44.5227, 331.89
401.896, 35.1081, 324.805
401.996, 28.172, 312.948
402.09, 23.1971, 298.862
402.185, 19.3475, 282.94
402.285, 16.2593, 265.283
402.392, 13.7633, 246.105
402.506, 11.7957, 226.163
402.622, 10.3085, 206.627
402.739, 9.19566, 187.96
402.86, 8.36088, 170.169
402.985, 7.7407, 153.193
403.116, 7.29594, 136.975
403.257, 7.00464, 121.47
403.408, 6.85903, 106.634
403.574, 6.86633, 92.4221
403.758, 7.05256, 78.8725
403.956, 7.44686, 66.5777
404.152, 8.03538, 56.3783
404.347, 8.81954, 47.9694
404.542, 9.83544, 40.9024
404.744, 11.1502, 34.8736
404.957, 12.8837, 29.6584
405.192, 15.2862, 25.045
405.449, 18.6247, 21.1316
405.672, 22.2756, 18.5158
405.889, 26.6552, 16.5635
406.1, 31.8356, 15.1692
406.308, 37.9957, 14.2439
406.517, 45.4896, 13.7535
406.729, 54.6335, 13.7489
406.932, 65.0302, 14.299
407.116, 76.1146, 15.4206
407.287, 87.7959, 17.1884
407.449, 100.174, 19.8082
407.605, 113.235, 23.6443
407.731, 124.328, 28.1125
407.855, 135.413, 34.2599
407.968, 145.272, 42.0442
408.071, 153.502, 51.6276
408.168, 159.987, 63.5107
408.262, 164.456, 78.4381
408.356, 166.387, 97.5835
408.457, 164.745, 123.124
408.55, 159.158, 151.756
408.641, 149.69, 183.617
408.726, 137.472, 215.592
408.811, 123.015, 246.992
408.898, 106.748, 276.7
408.98, 91.3906, 299.95
409.057, 77.892, 316.26
409.133, 65.78, 326.889
409.213, 54.766, 332.206
409.302, 44.5228, 331.89
409.406, 35.1081, 324.805
409.506, 28.1721, 312.948
409.6, 23.1971, 298.862
409.695, 19.3475, 282.94
409.795, 16.2593, 265.283
409.902, 13.7633, 246.105
410.016, 11.7957, 226.163
410.131, 10.3085, 206.627
410.249, 9.19567, 187.96
410.37, 8.36088, 170.169
410.495, 7.7407, 153.193
410.626, 7.29593, 136.975
410.767, 7.00464, 121.47
410.918, 6.85903, 106.634
411.084, 6.86632, 92.4221
411.268, 7.05256, 78.8726
411.466, 7.44685, 66.5777
411.662, 8.03538, 56.3783
411.857, 8.81953, 47.9694
412.052, 9.83543, 40.9024
412.254, 11.1502, 34.8736
412.467, 12.8836, 29.6584
412.702, 15.2861, 25.045
412.959, 18.6247, 21.1316
413.182, 22.2756, 18.5158
413.399, 26.6552, 16.5635
413.61, 31.8356, 15.1692
413.818, 37.9957, 14.2439
414.027, 45.4895, 13.7535
414.239, 54.6334, 13.7489
414.442, 65.0301, 14.299
414.626, 76.1145, 15.4206
414.797, 87.7958, 17.1884
414.959, 100.174, 19.8082
415.115, 113.235, 23.6443
415.241, 124.328, 28.1124
415.365, 135.413, 34.2599
415.478, 145.272, 42.0441
415.581, 153.502, 51.6275
415.678, 159.987, 63.5106
415.772, 164.456, 78.438
415.866, 166.387, 97.5833
415.966, 164.745, 123.124
416.06, 159.158, 151.756
416.151, 149.69, 183.616
416.236, 137.472, 215.592
416.321, 123.015, 246.992
416.408, 106.748, 276.699
416.49, 91.3908, 299.95
416.567, 77.8921, 316.26
416.643, 65.7801, 326.889
416.723, 54.7661, 332.206
416.812, 44.5229, 331.89
416.916, 35.1082, 324.805
417.016, 28.1721, 312.948
417.11, 23.1971, 298.862
417.205, 19.3475, 282.94
417.305, 16.2593, 265.283
417.412, 13.7633, 246.105
417.526, 11.7957, 226.163
417.641, 10.3085, 206.627
417.759, 9.19567, 187.96
417.88, 8.36088, 170.169
418.005, 7.7407, 153.193
418.136, 7.29593, 136.975
418.277, 7.00464, 121.47
418.428, 6.85902, 106.634
418.593, 6.86632, 92.4222
418.778, 7.05256, 78.8727
418.976, 7.44685, 66.5778
419.172, 8.03537, 56.3783
419.367, 8.81952, 47.9694
419.562, 9.83542, 40.9024
419.764, 11.1502, 34.8736
419.977, 12.8836, 29.6585
420.212, 15.2861, 25.045
420.469, 18.6246, 21.1316
420.692, 22.2756, 18.5158
420.909, 26.6551, 16.5635
421.12, 31.8355, 15.1692
421.328, 37.9956, 14.2439
421.537, 45.4895, 13.7535
421.749, 54.6333, 13.7489
421.952, 65.03, 14.299
422.136, 76.1144, 15.4206
422.307, 87.7957, 17.1884
422.469, 100.173, 19.8082
422.625, 113.235, 23.6442
422.751, 124.328, 28.1124
422.875, 135.413, 34.2598
422.988, 145.272, 42.044
423.091, 153.502, 51.6275
423.188, 159.987, 63.5105
423.282, 164.456, 78.4378
423.376, 166.387, 97.5831
423.476, 164.745, 123.123
423.57, 159.158, 151.756
423.661, 149.69, 183.616
423.746, 137.472, 215.592
423.831, 123.015, 246.991
423.918, 106.748, 276.699
424, 91.3909, 299.949
424.077, 77.8922, 316.26
424.153, 65.7802, 326.889
424.233, 54.7661, 332.206
424.322, 44.523, 331.89
424.426, 35.1082, 324.805
424.526, 28.1721, 312.948
424.62, 23.1971, 298.862
424.715, 19.3475, 282.94
424.815, 16.2594, 265.283
424.922, 13.7633, 246.105
425.036, 11.7957, 226.163
425.151, 10.3085, 206.627
425.269, 9.19567, 187.96
425.39, 8.36088, 170.169
425.515, 7.7407, 153.193
425.646, 7.29593, 136.975
425.787, 7.00464, 121.47
425.938, 6.85902, 106.634
426.103, 6.86632, 92.4223
426.288, 7.05255, 78.8727
426.486, 7.44684, 66.5778
426.682, 8.03536, 56.3784
426.877, 8.81952, 47.9695
427.072, 9.83541, 40.9025
427.274, 11.1502, 34.8737
427.487, 12.8836, 29.6585
427.722, 15.2861, 25.045
427.979, 18.6246, 21.1316
428.202, 22.2755, 18.5158
428.419, 26.6551, 16.5635
428.63, 31.8355, 15.1692
428.838, 37.9956, 14.2439
429.047, 45.4894, 13.7535
429.259, 54.6333, 13.7489
429.462, 65.03, 14.299
429.646, 76.1143, 15.4206
429.817, 87.7956, 17.1883
429.978, 100.173, 19.8082
430.135, 113.235, 23.6442
430.261, 124.328, 28.1123
430.384, 135.413, 34.2597
430.498, 145.272, 42.044
430.601, 153.502, 51.6274
430.698, 159.987, 63.5104
430.792, 164.456, 78.4377
430.886, 166.387, 97.583
430.986, 164.745, 123.123
431.08, 159.158, 151.756
431.171, 149.69, 183.616
431.256, 137.472, 215.592
431.341, 123.015, 246.991
431.428, 106.748, 276.699
431.51, 91.391, 299.949
431.587, 77.8923, 316.26
431.663, 65.7803, 326.889
431.743, 54.7662, 332.206
431.832, 44.523, 331.89
431.936, 35.1083, 324.805
432.036, 28.1721, 312.948
432.13, 23.1972, 298.862
432.225, 19.3475, 282.94
432.325, 16.2594, 265.283
432.432, 13.7633, 246.106
432.546, 11.7957, 226.163
432.661, 10.3085, 206.627
432.779, 9.19567, 187.96
432.9, 8.36088, 170.169
433.025, 7.7407, 153.193
433.156, 7.29593, 136.975
433.297, 7.00463, 121.47
433.448, 6.85902, 106.634
433.613, 6.86631, 92.4223
433.798, 7.05255, 78.8728
433.996, 7.44684, 66.5779
434.192, 8.03536, 56.3784
434.387, 8.81951, 47.9695
434.582, 9.83541, 40.9025
434.784, 11.1502, 34.8737
434.997, 12.8836, 29.6585
435.232, 15.2861, 25.045
435.489, 18.6246, 21.1317
435.712, 22.2755, 18.5159
435.929, 26.6551, 16.5635
436.14, 31.8355, 15.1692
436.348, 37.9955, 14.2439
436.557, 45.4894, 13.7535
436.769, 54.6332, 13.7489
436.972, 65.0299, 14.299
437.156, 76.1143, 15.4206
437.327, 87.7956, 17.1883
437.488, 100.173, 19.8081
437.645, 113.234, 23.6442
437.771, 124.328, 28.1123
437.894, 135.413, 34.2597
438.008, 145.272, 42.0439
438.111, 153.502, 51.6273
438.208, 159.987, 63.5103
438.302, 164.456, 78.4376
438.396, 166.387, 97.5828
438.496, 164.745, 123.123
438.59, 159.159, 151.755
438.681, 149.691, 183.616
438.766, 137.472, 215.591
438.851, 123.015, 246.991
438.938, 106.749, 276.699
439.02, 91.3911, 299.949
439.097, 77.8924, 316.26
439.173, 65.7804, 326.889
439.253, 54.7663, 332.206
439.342, 44.5231, 331.89
439.446, 35.1083, 324.805
439.546, 28.1721, 312.948
439.64, 23.1972, 298.862
439.735, 19.3475, 282.94
439.835, 16.2594, 265.283
439.942, 13.7633, 246.106
440.056, 11.7957, 226.163
440.171, 10.3085, 206.627
440.289, 9.19567, 187.961
440.41, 8.36088, 170.17
440.535, 7.7407, 153.193
440.666, 7.29593, 136.975
440.807, 7.00463, 121.47
440.958, 6.85902, 106.634
441.123, 6.86631, 92.4224
441.308, 7.05255, 78.8729
441.506, 7.44683, 66.578
441.702, 8.03535, 56.3785
441.897, 8.8195, 47.9696
442.092, 9.8354, 40.9025
442.294, 11.1502, 34.8737
442.507, 12.8836, 29.6585
442.742, 15.2861, 25.0451
442.999, 18.6246, 21.1317
443.222, 22.2755, 18.5159
443.439, 26.655, 16.5635
443.65, 31.8354, 15.1692
443.858, 37.9955, 14.2439
444.067, 45.4893, 13.7534
444.279, 54.6331, 13.7489
444.482, 65.0298, 14.299
444.666, 76.1142, 15.4205
444.837, 87.7955, 17.1883
444.998, 100.173, 19.8081
445.155, 113.234, 23.6441
445.281, 124.328, 28.1123
445.404, 135.413, 34.2596
445.518, 145.272, 42.0438
445.621, 153.502, 51.6272
445.718, 159.987, 63.5102
445.812, 164.456, 78.4374
445.906, 166.387, 97.5826
446.006, 164.745, 123.123
446.1, 159.159, 151.755
446.19, 149.691, 183.615
446.276, 137.472, 215.591
446.361, 123.015, 246.991
446.448, 106.749, 276.699
446.53, 91.3912, 299.949
446.607, 77.8925, 316.26
446.683, 65.7805, 326.889
446.763, 54.7664, 332.206
446.852, 44.5232, 331.891
446.956, 35.1084, 324.805
447.056, 28.1722, 312.948
447.15, 23.1972, 298.862
447.245, 19.3476, 282.941
447.345, 16.2594, 265.284
447.452, 13.7634, 246.106
447.566, 11.7957, 226.163
447.681, 10.3085, 206.627
447.799, 9.19567, 187.961
447.919, 8.36088, 170.17
448.045, 7.7407, 153.193
448.176, 7.29593, 136.975
448.316, 7.00463, 121.47
448.468, 6.85902, 106.634
448.633, 6.86631, 92.4225
448.818, 7.05254, 78.8729
449.016, 7.44683, 66.578
449.212, 8.03534, 56.3785
449.406, 8.81949, 47.9696
449.602, 9.83539, 40.9026
449.804, 11.1501, 34.8737
450.017, 12.8836, 29.6585
450.252, 15.286, 25.0451
450.509, 18.6245, 21.1317
450.732, 22.2755, 18.5159
450.949, 26.655, 16.5636
451.16, 31.8354, 15.1692
451.368, 37.9955, 14.2439
451.577, 45.4893, 13.7534
451.789, 54.6331, 13.7489
451.992, 65.0297, 14.2989
452.176, 76.1141, 15.4205
452.347, 87.7954, 17.1883
452.508, 100.173, 19.8081
452.665, 113.234, 23.6441
452.791, 124.328, 28.1122
452.914, 135.413, 34.2596
453.028, 145.272, 42.0438
453.131, 153.502, 51.6271
453.228, 159.987, 63.5101
453.322, 164.456, 78.4373
453.416, 166.387, 97.5824
453.516, 164.746, 123.122
453.61, 159.159, 151.755
453.7, 149.691, 183.615
453.786, 137.473, 215.591
453.871, 123.015, 246.991
453.958, 106.749, 276.699
454.04, 91.3913, 299.949
454.117, 77.8926, 316.26
454.193, 65.7806, 326.889
454.273, 54.7665, 332.206
454.362, 44.5233, 331.891
454.466, 35.1084, 324.805
454.566, 28.1722, 312.948
454.66, 23.1972, 298.863
454.755, 19.3476, 282.941
454.855, 16.2594, 265.284
454.962, 13.7634, 246.106
455.076, 11.7957, 226.163
455.191, 10.3085, 206.627
455.309, 9.19568, 187.961
455.429, 8.36089, 170.17
455.555, 7.7407, 153.193
455.686, 7.29593, 136.975
455.826, 7.00463, 121.47
455.978, 6.85901, 106.634
456.143, 6.86631, 92.4225
456.328, 7.05254, 78.873
456.526, 7.44682, 66.5781
456.722, 8.03534, 56.3786
456.916, 8.81949, 47.9696
457.112, 9.83538, 40.9026
457.314, 11.1501, 34.8738
457.527, 12.8835, 29.6586
457.762, 15.286, 25.0451
458.019, 18.6245, 21.1317
458.242, 22.2754, 18.5159
458.459, 26.655, 16.5636
458.67, 31.8353, 15.1692
458.878, 37.9954, 14.2439
459.087, 45.4892, 13.7534
459.299, 54.633, 13.7489
459.502, 65.0297, 14.2989
459.686, 76.1141, 15.4205
459.857, 87.7953, 17.1883
460.018, 100.173, 19.808
460.175, 113.234, 23.6441
460.301, 124.328, 28.1122
460.424, 135.412, 34.2595
460.538, 145.272, 42.0437
460.641, 153.502, 51.627
460.738, 159.987, 63.51
460.832, 164.456, 78.4371
460.926, 166.387, 97.5823
461.026, 164.746, 123.122
461.119, 159.159, 151.755
461.21, 149.691, 183.615
461.296, 137.473, 215.591
461.381, 123.016, 246.99
461.468, 106.749, 276.698
461.55, 91.3914, 299.949
461.627, 77.8927, 316.26
461.703, 65.7807, 326.889
461.783, 54.7665, 332.206
461.872, 44.5233, 331.891
461.976, 35.1085, 324.805
462.076, 28.1722, 312.948
462.17, 23.1972, 298.863
462.265, 19.3476, 282.941
462.365, 16.2594, 265.284
462.472, 13.7634, 246.106
462.586, 11.7957, 226.164
462.701, 10.3085, 206.627
462.819, 9.19568, 187.961
462.939, 8.36089, 170.17
463.065, 7.7407, 153.193
463.196, 7.29593, 136.975
463.336, 7.00463, 121.47
463.488, 6.85901, 106.634
463.653, 6.8663, 92.4226
463.837, 7.05253, 78.8731
464.036, 7.44682, 66.5781
464.232, 8.03533, 56.3786
464.426, 8.81948, 47.9697
464.622, 9.83537, 40.9026
464.824, 11.1501, 34.8738
465.037, 12.8835, 29.6586
465.272, 15.286, 25.0451
465.529, 18.6245, 21.1317
465.752, 22.2754, 18.5159
465.969, 26.655, 16.5636
466.18, 31.8353, 15.1692
466.388, 37.9954, 14.2439
466.597, 45.4891, 13.7534
466.809, 54.6329, 13.7489
467.012, 65.0296, 14.2989
467.196, 76.114, 15.4205
467.367, 87.7952, 17.1882
467.528, 100.173, 19.808
467.685, 113.234, 23.644
467.811, 124.328, 28.1121
467.934, 135.412, 34.2595
468.048, 145.272, 42.0436
468.151, 153.502, 51.627
468.248, 159.987, 63.5099
468.342, 164.456, 78.437
468.436, 166.387, 97.5821
468.536, 164.746, 123.122
468.629, 159.159, 151.754
468.72, 149.691, 183.615
468.806, 137.473, 215.591
468.891, 123.016, 246.99
468.978, 106.749, 276.698
469.06, 91.3916, 299.949
469.137, 77.8928, 316.259
469.213, 65.7808, 326.889
469.293, 54.7666, 332.206
469.382, 44.5234, 331.891
469.486, 35.1085, 324.805
469.586, 28.1722, 312.949
469.68, 23.1972, 298.863
469.775, 19.3476, 282.941
469.875, 16.2594, 265.284
469.982, 13.7634, 246.106
470.095, 11.7957, 226.164
470.211, 10.3085, 206.628
470.329, 9.19568, 187.961
470.449, 8.36089, 170.17
470.575, 7.7407, 153.193
470.706, 7.29593, 136.975
470.846, 7.00463, 121.47
470.998, 6.85901, 106.634
471.163, 6.8663, 92.4227
471.347, 7.05253, 78.8731
471.546, 7.44681, 66.5782
471.742, 8.03532, 56.3787
471.936, 8.81947, 47.9697
472.132, 9.83536, 40.9027
472.334, 11.1501, 34.8738
472.547, 12.8835, 29.6586
472.782, 15.286, 25.0452
473.039, 18.6245, 21.1317
473.262, 22.2754, 18.5159
473.479, 26.6549, 16.5636
473.69, 31.8353, 15.1692
473.898, 37.9953, 14.2439
474.107, 45.4891, 13.7534
474.319, 54.6329, 13.7489
474.522, 65.0295, 14.2989
474.706, 76.1139, 15.4205
474.877, 87.7952, 17.1882
475.038, 100.173, 19.808
475.195, 113.234, 23.644
475.321, 124.328, 28.1121
475.444, 135.412, 34.2594
475.558, 145.272, 42.0436
475.661, 153.502, 51.6269
475.758, 159.987, 63.5098
475.852, 164.456, 78.4369
475.946, 166.387, 97.5819
476.046, 164.746, 123.122
476.139, 159.159, 151.754
476.23, 149.691, 183.615
476.316, 137.473, 215.59
476.401, 123.016, 246.99
476.488, 106.749, 276.698
476.57, 91.3917, 299.949
476.647, 77.8929, 316.259
476.723, 65.7808, 326.889
476.803, 54.7667, 332.206
476.892, 44.5235, 331.891
476.996, 35.1086, 324.806
477.096, 28.1722, 312.949
477.19, 23.1972, 298.863
477.285, 19.3476, 282.941
477.385, 16.2594, 265.284
477.492, 13.7634, 246.106
477.605, 11.7957, 226.164
477.721, 10.3086, 206.628
477.839, 9.19568, 187.961
477.959, 8.36089, 170.17
478.085, 7.7407, 153.194
478.216, 7.29593, 136.976
478.356, 7.00463, 121.471
478.508, 6.85901, 106.634
478.673, 6.8663, 92.4227
478.857, 7.05253, 78.8732
479.056, 7.44681, 66.5782
479.252, 8.03532, 56.3787
479.446, 8.81946, 47.9697
479.642, 9.83535, 40.9027
479.844, 11.1501, 34.8739
480.057, 12.8835, 29.6586
480.292, 15.286, 25.0452
480.549, 18.6245, 21.1317
480.772, 22.2754, 18.5159
480.989, 26.6549, 16.5636
481.2, 31.8352, 15.1692
481.408, 37.9953, 14.2439
481.617, 45.489, 13.7534
481.829, 54.6328, 13.7488
482.032, 65.0295, 14.2989
482.216, 76.1138, 15.4205
482.387, 87.7951, 17.1882
482.548, 100.173, 19.808
482.705, 113.234, 23.644
482.831, 124.328, 28.112
482.954, 135.412, 34.2594
483.068, 145.271, 42.0435
483.171, 153.502, 51.6268
483.268, 159.987, 63.5096
483.362, 164.456, 78.4367
483.456, 166.387, 97.5817
483.556, 164.746, 123.121
483.649, 159.159, 151.754
483.74, 149.691, 183.614
483.826, 137.473, 215.59
483.911, 123.016, 246.99
483.998, 106.749, 276.698
484.08, 91.3918, 299.949
484.157, 77.893, 316.259
484.233, 65.7809, 326.889
484.313, 54.7668, 332.206
484.402, 44.5236, 331.891
484.505, 35.1086, 324.806
484.606, 28.1722, 312.949
484.7, 23.1973, 298.863
484.795, 19.3476, 282.941
484.895, 16.2594, 265.284
485.002, 13.7634, 246.106
485.115, 11.7957, 226.164
485.231, 10.3086, 206.628
485.349, 9.19568, 187.961
485.469, 8.36089, 170.17
485.595, 7.7407, 153.194
485.726, 7.29593, 136.976
485.866, 7.00462, 121.471
486.018, 6.859, 106.634
486.183, 6.86629, 92.4228
486.367, 7.05252, 78.8733
486.566, 7.4468, 66.5783
486.762, 8.03531, 56.3788
486.956, 8.81945, 47.9698
487.152, 9.83534, 40.9027
487.354, 11.1501, 34.8739
487.567, 12.8835, 29.6587
487.802, 15.2859, 25.0452
488.059, 18.6244, 21.1317
488.282, 22.2753, 18.5159
488.499, 26.6549, 16.5636
488.71, 31.8352, 15.1692
488.918, 37.9952, 14.2439
489.127, 45.489, 13.7534
489.339, 54.6327, 13.7488
489.542, 65.0294, 14.2989
489.726, 76.1138, 15.4205
489.897, 87.795, 17.1882
490.058, 100.173, 19.8079
490.215, 113.234, 23.6439
490.341, 124.328, 28.112
490.464, 135.412, 34.2593
490.578, 145.271, 42.0434
490.681, 153.502, 51.6267
490.778, 159.987, 63.5095
490.872, 164.456, 78.4366
490.966, 166.387, 97.5815
491.066, 164.746, 123.121
491.159, 159.159, 151.754
491.25, 149.691, 183.614
491.336, 137.473, 215.59
491.42, 123.016, 246.99
491.508, 106.749, 276.698
491.59, 91.3919, 299.949
491.667, 77.8931, 316.259
491.743, 65.781, 326.889
491.823, 54.7669, 332.206
491.912, 44.5236, 331.891
492.015, 35.1087, 324.806
492.116, 28.1723, 312.949
492.21, 23.1973, 298.863
492.305, 19.3476, 282.941
492.405, 16.2594, 265.284
492.512, 13.7634, 246.106
492.625, 11.7957, 226.164
492.741, 10.3086, 206.628
492.859, 9.19568, 187.961
492.979, 8.36089, 170.17
493.105, 7.7407, 153.194
493.236, 7.29593, 136.976
493.376, 7.00462, 121.471
493.528, 6.859, 106.634
493.693, 6.86629, 92.4229
493.877, 7.05252, 78.8733
494.076, 7.4468, 66.5783
494.272, 8.03531, 56.3788
494.466, 8.81945, 47.9698
494.662, 9.83533, 40.9028
494.864, 11.1501, 34.8739
495.077, 12.8835, 29.6587
495.312, 15.2859, 25.0452
495.569, 18.6244, 21.1318
495.792, 22.2753, 18.5159
496.009, 26.6548, 16.5636
496.22, 31.8352, 15.1692
496.428, 37.9952, 14.2439
496.637, 45.4889, 13.7534
496.849, 54.6327, 13.7488
497.052, 65.0293, 14.2989
497.236, 76.1137, 15.4204
497.407, 87.7949, 17.1882
497.568, 100.173, 19.8079
497.725, 113.234, 23.6439
497.851, 124.328, 28.1119
497.974, 135.412, 34.2592
498.088, 145.271, 42.0434
498.191, 153.502, 51.6266
498.288, 159.987, 63.5094
498.382, 164.456, 78.4365
498.476, 166.387, 97.5814
498.576, 164.746, 123.121
498.669, 159.159, 151.753
498.76, 149.691, 183.614
498.846, 137.473, 215.59
498.93, 123.016, 246.989
499.018, 106.75, 276.698
499.1, 91.392, 299.948
499.177, 77.8932, 316.259
499.253, 65.7811, 326.889
499.333, 54.767, 332.206
499.422, 44.5237, 331.891
499.525, 35.1087, 324.806
499.626, 28.1723, 312.949
499.72, 23.1973, 298.863
499.815, 19.3476, 282.941
499.915, 16.2594, 265.284
500, 14.2204, 250.047
